{
  "meta": {
    "version": "3.0.0",
    "name": "2026_02_03_orbbec_test",
    "capture": {
      "fps": 15,
      "number_frames": 301,
      "timestamp": "2026.02.03 15:43",
      "number_cameras": {
        "color": 34,
        "mono": 20,
        "depth": 2
      }
    },
    "calibration": {
      "coordinate_system": "Camera poses relative to center of the stage (determined by center of bounding box of all cameras as well as height and rotation of board_pose[76]). Extrinsics use OpenCV coordinate system (x right, y down, z forward into the scene)",
      "matrix_layout": "row_major",
      "timestamp": "2026.02.03 16:37"
    }
  },
  "cameras": [
    {
      "camera_id": "C0004",
      "camera_type": "color",
      "colorspace": "sRGB (IEC 61966-2-1)",
      "extrinsics": {
        "view_matrix": [
          -0.9401905210737732,
          0.008074527935531138,
          -0.3405533527681746,
          -0.08208609671780404,
          -0.03461770548590767,
          0.992278762453802,
          0.11909858122598331,
          1.2129235060474404,
          0.3388855242554889,
          0.12376453281037147,
          -0.932651565091869,
          2.6469922364110103,
          0.0,
          0.0,
          0.0,
          1.0
        ]
      },
      "intrinsics": {
        "camera_matrix": [
          4564.90380859375,
          0.0,
          2331.1484375,
          0.0,
          4565.189453125,
          2639.189208984375,
          0.0,
          0.0,
          1.0
        ],
        "color_correction_matrix": [
          1.0,
          0.0,
          0.0,
          0.0,
          1.0,
          0.0,
          0.0,
          0.0,
          1.0
        ],
        "distortion_coefficients": [
          0.0,
          0.0,
          0.0,
          -0.0,
          0.0
        ],
        "resolution": [
          4608,
          5328
        ],
        "white_balance_coefficients": [
          1.0,
          1.0,
          1.0
        ]
      }
    },
    {
      "camera_id": "C0007",
      "camera_type": "color",
      "colorspace": "sRGB (IEC 61966-2-1)",
      "extrinsics": {
        "view_matrix": [
          -0.15128009547105573,
          0.005329514956048338,
          -0.9884765697701696,
          -0.028767433128008668,
          -0.04418166547872994,
          0.9989496552135694,
          0.012147706953018082,
          1.4159267594355023,
          0.9875030699444909,
          0.04551024740675506,
          -0.150885732364535,
          2.5421133714042488,
          0.0,
          0.0,
          0.0,
          1.0
        ]
      },
      "intrinsics": {
        "camera_matrix": [
          4577.22509765625,
          0.0,
          2378.465576171875,
          0.0,
          4578.94970703125,
          2653.2060546875,
          0.0,
          0.0,
          1.0
        ],
        "color_correction_matrix": [
          1.0,
          0.0,
          0.0,
          0.0,
          1.0,
          0.0,
          0.0,
          0.0,
          1.0
        ],
        "distortion_coefficients": [
          0.0,
          0.0,
          0.0,
          -0.0,
          0.0
        ],
        "resolution": [
          4608,
          5328
        ],
        "white_balance_coefficients": [
          1.0,
          1.0,
          1.0
        ]
      }
    },
    {
      "camera_id": "C0018",
      "camera_type": "color",
      "colorspace": "sRGB (IEC 61966-2-1)",
      "extrinsics": {
        "view_matrix": [
          -0.6988396133787733,
          0.004572549425195828,
          -0.7152637880980419,
          -0.27636601717620723,
          -0.13903252794379373,
          0.980038807503809,
          0.1421052144014078,
          1.0126958704285147,
          0.7016360530546909,
          0.1987536856973123,
          -0.684254208226423,
          2.722241260549442,
          0.0,
          0.0,
          0.0,
          1.0
        ]
      },
      "intrinsics": {
        "camera_matrix": [
          4559.71630859375,
          0.0,
          2406.807373046875,
          0.0,
          4559.984375,
          2605.773193359375,
          0.0,
          0.0,
          1.0
        ],
        "color_correction_matrix": [
          1.0,
          0.0,
          0.0,
          0.0,
          1.0,
          0.0,
          0.0,
          0.0,
          1.0
        ],
        "distortion_coefficients": [
          0.0,
          0.0,
          0.0,
          -0.0,
          0.0
        ],
        "resolution": [
          4608,
          5328
        ],
        "white_balance_coefficients": [
          1.0,
          1.0,
          1.0
        ]
      }
    },
    {
      "camera_id": "C0034",
      "camera_type": "color",
      "colorspace": "sRGB (IEC 61966-2-1)",
      "extrinsics": {
        "view_matrix": [
          -0.990227416185485,
          0.013608373030468973,
          0.13879652884017624,
          0.019682135954416036,
          0.027934312137858526,
          0.9944129820912062,
          0.10179634204556906,
          1.26965399641591,
          -0.13663578755217437,
          0.10467871432119054,
          -0.9850751384173998,
          2.6296954451022243,
          0.0,
          0.0,
          0.0,
          1.0
        ]
      },
      "intrinsics": {
        "camera_matrix": [
          4567.03662109375,
          0.0,
          2252.142578125,
          0.0,
          4567.6748046875,
          2654.704833984375,
          0.0,
          0.0,
          1.0
        ],
        "color_correction_matrix": [
          1.0,
          0.0,
          0.0,
          0.0,
          1.0,
          0.0,
          0.0,
          0.0,
          1.0
        ],
        "distortion_coefficients": [
          0.0,
          0.0,
          0.0,
          -0.0,
          0.0
        ],
        "resolution": [
          4608,
          5328
        ],
        "white_balance_coefficients": [
          1.0,
          1.0,
          1.0
        ]
      }
    },
    {
      "camera_id": "C0005",
      "camera_type": "color",
      "colorspace": "sRGB (IEC 61966-2-1)",
      "extrinsics": {
        "view_matrix": [
          0.6431720874722942,
          0.011255625597918434,
          0.7656389336945523,
          -0.08445922556430224,
          0.06612735460151625,
          0.9953399378515394,
          -0.07018248421863468,
          1.2786819100135447,
          -0.7628609564461517,
          0.09576909214403699,
          0.6394305608273428,
          2.614417482960115,
          0.0,
          0.0,
          0.0,
          1.0
        ]
      },
      "intrinsics": {
        "camera_matrix": [
          4564.744140625,
          0.0,
          2280.097900390625,
          0.0,
          4565.546875,
          2668.99755859375,
          0.0,
          0.0,
          1.0
        ],
        "color_correction_matrix": [
          1.0,
          0.0,
          0.0,
          0.0,
          1.0,
          0.0,
          0.0,
          0.0,
          1.0
        ],
        "distortion_coefficients": [
          0.0,
          0.0,
          0.0,
          -0.0,
          0.0
        ],
        "resolution": [
          4608,
          5328
        ],
        "white_balance_coefficients": [
          1.0,
          1.0,
          1.0
        ]
      }
    },
    {
      "camera_id": "C0006",
      "camera_type": "color",
      "colorspace": "sRGB (IEC 61966-2-1)",
      "extrinsics": {
        "view_matrix": [
          -0.760738256866738,
          0.007096247956316658,
          0.6490199902963697,
          -0.10360129043869826,
          0.0557432130233204,
          0.996959980900182,
          0.05443795261897221,
          1.3391924488103946,
          -0.6466606519196866,
          0.0775914927582349,
          -0.7588211656973959,
          2.595247025286784,
          0.0,
          0.0,
          0.0,
          1.0
        ]
      },
      "intrinsics": {
        "camera_matrix": [
          4565.7255859375,
          0.0,
          2322.37255859375,
          0.0,
          4565.703125,
          2683.756591796875,
          0.0,
          0.0,
          1.0
        ],
        "color_correction_matrix": [
          1.0,
          0.0,
          0.0,
          0.0,
          1.0,
          0.0,
          0.0,
          0.0,
          1.0
        ],
        "distortion_coefficients": [
          0.0,
          0.0,
          0.0,
          -0.0,
          0.0
        ],
        "resolution": [
          4608,
          5328
        ],
        "white_balance_coefficients": [
          1.0,
          1.0,
          1.0
        ]
      }
    },
    {
      "camera_id": "C0008",
      "camera_type": "color",
      "colorspace": "sRGB (IEC 61966-2-1)",
      "extrinsics": {
        "view_matrix": [
          -0.36630896445533345,
          0.011532704169150866,
          0.9304218071897328,
          -0.011610912539510743,
          0.11782078350941495,
          0.9924497437524943,
          0.034084734102471065,
          1.2118759877259333,
          -0.9230037949720951,
          0.12210856997015167,
          -0.36490203014912864,
          2.6510858311256773,
          0.0,
          0.0,
          0.0,
          1.0
        ]
      },
      "intrinsics": {
        "camera_matrix": [
          4574.6318359375,
          0.0,
          2319.8857421875,
          0.0,
          4574.787109375,
          2631.152587890625,
          0.0,
          0.0,
          1.0
        ],
        "color_correction_matrix": [
          1.0,
          0.0,
          0.0,
          0.0,
          1.0,
          0.0,
          0.0,
          0.0,
          1.0
        ],
        "distortion_coefficients": [
          0.0,
          0.0,
          0.0,
          -0.0,
          0.0
        ],
        "resolution": [
          4608,
          5328
        ],
        "white_balance_coefficients": [
          1.0,
          1.0,
          1.0
        ]
      }
    },
    {
      "camera_id": "C0026",
      "camera_type": "color",
      "colorspace": "sRGB (IEC 61966-2-1)",
      "extrinsics": {
        "view_matrix": [
          0.19480110384461755,
          0.0010801352386276507,
          0.9808421704070359,
          -0.15158514700873094,
          0.052137243555148205,
          0.998574235533703,
          -0.011454429830929785,
          1.3942125926637352,
          -0.9794560928267227,
          0.05336974270264763,
          0.1944670480787519,
          2.5579448546009558,
          0.0,
          0.0,
          0.0,
          1.0
        ]
      },
      "intrinsics": {
        "camera_matrix": [
          4574.5927734375,
          0.0,
          2340.766845703125,
          0.0,
          4574.87548828125,
          2655.9423828125,
          0.0,
          0.0,
          1.0
        ],
        "color_correction_matrix": [
          1.0,
          0.0,
          0.0,
          0.0,
          1.0,
          0.0,
          0.0,
          0.0,
          1.0
        ],
        "distortion_coefficients": [
          0.0,
          0.0,
          0.0,
          -0.0,
          0.0
        ],
        "resolution": [
          4608,
          5328
        ],
        "white_balance_coefficients": [
          1.0,
          1.0,
          1.0
        ]
      }
    },
    {
      "camera_id": "C0012",
      "camera_type": "color",
      "colorspace": "sRGB (IEC 61966-2-1)",
      "extrinsics": {
        "view_matrix": [
          0.7845516661370795,
          0.017892977167239293,
          -0.6198052311247665,
          0.004347695273998031,
          -0.08636393055777984,
          0.9929936114814677,
          -0.08065332637655326,
          1.2272746623705624,
          0.6140195067423702,
          0.1168055175284305,
          0.7806001001888048,
          2.6391829390564903,
          0.0,
          0.0,
          0.0,
          1.0
        ]
      },
      "intrinsics": {
        "camera_matrix": [
          4585.3154296875,
          0.0,
          2347.975341796875,
          0.0,
          4585.50732421875,
          2621.927001953125,
          0.0,
          0.0,
          1.0
        ],
        "color_correction_matrix": [
          1.0,
          0.0,
          0.0,
          0.0,
          1.0,
          0.0,
          0.0,
          0.0,
          1.0
        ],
        "distortion_coefficients": [
          0.0,
          0.0,
          0.0,
          -0.0,
          0.0
        ],
        "resolution": [
          4608,
          5328
        ],
        "white_balance_coefficients": [
          1.0,
          1.0,
          1.0
        ]
      }
    },
    {
      "camera_id": "C0028",
      "camera_type": "color",
      "colorspace": "sRGB (IEC 61966-2-1)",
      "extrinsics": {
        "view_matrix": [
          0.9345656011450465,
          0.0224971884043429,
          0.3550788837290912,
          -0.030552527325839546,
          0.0330477031365499,
          0.988195407484831,
          -0.14959173086533403,
          1.125812227196148,
          -0.35425271554893767,
          0.1515378274220253,
          0.9227899546410416,
          2.674776168165077,
          0.0,
          0.0,
          0.0,
          1.0
        ]
      },
      "intrinsics": {
        "camera_matrix": [
          4565.49853515625,
          0.0,
          2333.47314453125,
          0.0,
          4565.2353515625,
          2649.299560546875,
          0.0,
          0.0,
          1.0
        ],
        "color_correction_matrix": [
          1.0,
          0.0,
          0.0,
          0.0,
          1.0,
          0.0,
          0.0,
          0.0,
          1.0
        ],
        "distortion_coefficients": [
          0.0,
          0.0,
          0.0,
          -0.0,
          0.0
        ],
        "resolution": [
          4608,
          5328
        ],
        "white_balance_coefficients": [
          1.0,
          1.0,
          1.0
        ]
      }
    },
    {
      "camera_id": "C0029",
      "camera_type": "color",
      "colorspace": "sRGB (IEC 61966-2-1)",
      "extrinsics": {
        "view_matrix": [
          0.9729642891559543,
          0.007873826327108889,
          -0.23082134841955035,
          -0.05719274130114038,
          -0.033894600267269724,
          0.9934654588887118,
          -0.10898411841990348,
          1.2434669804459333,
          0.22845491480808824,
          0.1138612526455425,
          0.9668732942045803,
          2.475527628206569,
          0.0,
          0.0,
          0.0,
          1.0
        ]
      },
      "intrinsics": {
        "camera_matrix": [
          4571.75048828125,
          0.0,
          2347.376953125,
          0.0,
          4573.35986328125,
          2625.158447265625,
          0.0,
          0.0,
          1.0
        ],
        "color_correction_matrix": [
          1.0,
          0.0,
          0.0,
          0.0,
          1.0,
          0.0,
          0.0,
          0.0,
          1.0
        ],
        "distortion_coefficients": [
          0.0,
          0.0,
          0.0,
          -0.0,
          0.0
        ],
        "resolution": [
          4608,
          5328
        ],
        "white_balance_coefficients": [
          1.0,
          1.0,
          1.0
        ]
      }
    },
    {
      "camera_id": "C0038",
      "camera_type": "color",
      "colorspace": "sRGB (IEC 61966-2-1)",
      "extrinsics": {
        "view_matrix": [
          0.3059179680387856,
          0.0018730231466967868,
          -0.952056032287655,
          -0.01729031109300827,
          -0.10765076105528038,
          0.9936529647251963,
          -0.032635859679904,
          1.2531792964104667,
          0.9459521713465431,
          0.11247345232151185,
          0.30417792827166307,
          2.4740337950321103,
          0.0,
          0.0,
          0.0,
          1.0
        ]
      },
      "intrinsics": {
        "camera_matrix": [
          4578.15771484375,
          0.0,
          2397.050537109375,
          0.0,
          4578.3359375,
          2625.48828125,
          0.0,
          0.0,
          1.0
        ],
        "color_correction_matrix": [
          1.0,
          0.0,
          0.0,
          0.0,
          1.0,
          0.0,
          0.0,
          0.0,
          1.0
        ],
        "distortion_coefficients": [
          0.0,
          0.0,
          0.0,
          -0.0,
          0.0
        ],
        "resolution": [
          4608,
          5328
        ],
        "white_balance_coefficients": [
          1.0,
          1.0,
          1.0
        ]
      }
    },
    {
      "camera_id": "C0025",
      "camera_type": "color",
      "colorspace": "sRGB (IEC 61966-2-1)",
      "extrinsics": {
        "view_matrix": [
          0.19749258429592356,
          -0.0008648108161888985,
          -0.980303999405475,
          -0.016065144629549,
          -0.5174392642987966,
          0.849254449305796,
          -0.1049928002113913,
          1.0170856784972087,
          0.832618332076611,
          0.5279830796877503,
          0.16727396884572648,
          3.551607152785213,
          0.0,
          0.0,
          0.0,
          1.0
        ]
      },
      "intrinsics": {
        "camera_matrix": [
          4556.5908203125,
          0.0,
          2233.367919921875,
          0.0,
          4555.99609375,
          2657.66357421875,
          0.0,
          0.0,
          1.0
        ],
        "color_correction_matrix": [
          1.0,
          0.0,
          0.0,
          0.0,
          1.0,
          0.0,
          0.0,
          0.0,
          1.0
        ],
        "distortion_coefficients": [
          0.0,
          0.0,
          -0.0,
          0.0,
          0.0
        ],
        "resolution": [
          4608,
          5328
        ],
        "white_balance_coefficients": [
          1.0,
          1.0,
          1.0
        ]
      }
    },
    {
      "camera_id": "C1005",
      "camera_type": "color",
      "colorspace": "sRGB (IEC 61966-2-1)",
      "extrinsics": {
        "view_matrix": [
          0.04487614190274049,
          0.0005751050885416452,
          -0.9989923929350325,
          -0.01611879042146258,
          0.16802719271507743,
          0.985748954445544,
          0.008115498617269602,
          1.31731474081224,
          0.9847603740993113,
          -0.1682220795961511,
          0.04413997666663237,
          2.3151061047379446,
          0.0,
          0.0,
          0.0,
          1.0
        ]
      },
      "intrinsics": {
        "camera_matrix": [
          4573.02392578125,
          0.0,
          2260.96240234375,
          0.0,
          4575.2080078125,
          2675.216552734375,
          0.0,
          0.0,
          1.0
        ],
        "color_correction_matrix": [
          1.0,
          0.0,
          0.0,
          0.0,
          1.0,
          0.0,
          0.0,
          0.0,
          1.0
        ],
        "distortion_coefficients": [
          0.0,
          0.0,
          -0.0,
          0.0,
          0.0
        ],
        "resolution": [
          4608,
          5328
        ],
        "white_balance_coefficients": [
          1.0,
          1.0,
          1.0
        ]
      }
    },
    {
      "camera_id": "M0005",
      "camera_type": "mono",
      "colorspace": "sRGB (IEC 61966-2-1)",
      "extrinsics": {
        "view_matrix": [
          -0.045428019544732245,
          0.011154829316760704,
          -0.9989053332639473,
          0.0487954581810367,
          0.17151150207855745,
          0.9851769154252661,
          0.003201557107880055,
          1.325534377419889,
          0.9841341878499092,
          -0.17117831374351122,
          -0.046667817700505744,
          2.3191459623844635,
          0.0,
          0.0,
          0.0,
          1.0
        ]
      },
      "intrinsics": {
        "camera_matrix": [
          4579.67626953125,
          0.0,
          2339.53466796875,
          0.0,
          4581.58984375,
          2632.406005859375,
          0.0,
          0.0,
          1.0
        ],
        "distortion_coefficients": [
          0.0,
          0.0,
          -0.0,
          0.0,
          0.0
        ],
        "resolution": [
          4608,
          5328
        ]
      }
    },
    {
      "camera_id": "M0007",
      "camera_type": "mono",
      "colorspace": "sRGB (IEC 61966-2-1)",
      "extrinsics": {
        "view_matrix": [
          0.09822421745808393,
          -0.011034910299595893,
          -0.9951031272483403,
          -0.07544406659400904,
          0.17679158272568735,
          0.9842266060924629,
          0.006536370327451891,
          1.3379666073640895,
          0.9793348453833823,
          -0.17656788670194537,
          0.09862576744195947,
          2.31347872136623,
          0.0,
          0.0,
          0.0,
          1.0
        ]
      },
      "intrinsics": {
        "camera_matrix": [
          4583.19482421875,
          0.0,
          2298.903564453125,
          0.0,
          4585.86572265625,
          2643.253173828125,
          0.0,
          0.0,
          1.0
        ],
        "distortion_coefficients": [
          0.0,
          0.0,
          0.0,
          -0.0,
          0.0
        ],
        "resolution": [
          4608,
          5328
        ]
      }
    },
    {
      "camera_id": "C0010",
      "camera_type": "color",
      "colorspace": "sRGB (IEC 61966-2-1)",
      "extrinsics": {
        "view_matrix": [
          -0.29168365393797124,
          -0.0010168130997751544,
          -0.9565143031426734,
          0.06923827294512053,
          0.40335547656798054,
          0.906607468566454,
          -0.12396474281884978,
          1.1212155456785817,
          0.8673090599941934,
          -0.42197377173308576,
          -0.2640324419864775,
          2.218748185782252,
          0.0,
          0.0,
          0.0,
          1.0
        ]
      },
      "intrinsics": {
        "camera_matrix": [
          4574.20068359375,
          0.0,
          2249.2919921875,
          0.0,
          4575.07080078125,
          2677.222900390625,
          0.0,
          0.0,
          1.0
        ],
        "color_correction_matrix": [
          1.0,
          0.0,
          0.0,
          0.0,
          1.0,
          0.0,
          0.0,
          0.0,
          1.0
        ],
        "distortion_coefficients": [
          0.0,
          0.0,
          -0.0,
          0.0,
          0.0
        ],
        "resolution": [
          4608,
          5328
        ],
        "white_balance_coefficients": [
          1.0,
          1.0,
          1.0
        ]
      }
    },
    {
      "camera_id": "C0016",
      "camera_type": "color",
      "colorspace": "sRGB (IEC 61966-2-1)",
      "extrinsics": {
        "view_matrix": [
          -0.49292642247048085,
          -0.0017663509433544188,
          -0.8700692053134612,
          -0.011797863517703844,
          -0.31699936470236,
          0.931629710091111,
          0.17770055164194767,
          1.0852542600872606,
          0.810268439968356,
          0.3634046825233507,
          -0.45978483218930755,
          3.0956418472082667,
          0.0,
          0.0,
          0.0,
          1.0
        ]
      },
      "intrinsics": {
        "camera_matrix": [
          4561.9326171875,
          0.0,
          2313.49169921875,
          0.0,
          4561.82861328125,
          2629.89697265625,
          0.0,
          0.0,
          1.0
        ],
        "color_correction_matrix": [
          1.0,
          0.0,
          0.0,
          0.0,
          1.0,
          0.0,
          0.0,
          0.0,
          1.0
        ],
        "distortion_coefficients": [
          0.0,
          0.0,
          0.0,
          -0.0,
          0.0
        ],
        "resolution": [
          4608,
          5328
        ],
        "white_balance_coefficients": [
          1.0,
          1.0,
          1.0
        ]
      }
    },
    {
      "camera_id": "M0008",
      "camera_type": "mono",
      "colorspace": "sRGB (IEC 61966-2-1)",
      "extrinsics": {
        "view_matrix": [
          -0.5367368494367308,
          -0.025235282718418777,
          -0.8433722398578539,
          -0.00730907964336347,
          -0.31696809072109067,
          0.9323710851579099,
          0.17382574327782463,
          1.0912443765833197,
          0.7819493486929693,
          0.36062077043285123,
          -0.5084366981356265,
          3.1002113831476708,
          0.0,
          0.0,
          0.0,
          1.0
        ]
      },
      "intrinsics": {
        "camera_matrix": [
          4580.591796875,
          0.0,
          2281.841064453125,
          0.0,
          4581.0478515625,
          2639.77294921875,
          0.0,
          0.0,
          1.0
        ],
        "distortion_coefficients": [
          0.0,
          0.0,
          -0.0,
          0.0,
          0.0
        ],
        "resolution": [
          4608,
          5328
        ]
      }
    },
    {
      "camera_id": "M0009",
      "camera_type": "mono",
      "colorspace": "sRGB (IEC 61966-2-1)",
      "extrinsics": {
        "view_matrix": [
          -0.41481498306825315,
          0.02134315261966778,
          -0.9096554290819896,
          -0.025733505143783253,
          -0.32217964944208083,
          0.9315125043964212,
          0.16877419126894094,
          1.0838289514426394,
          0.8509575802044793,
          0.3630825305483048,
          -0.37952901431007435,
          3.1048913399862172,
          0.0,
          0.0,
          0.0,
          1.0
        ]
      },
      "intrinsics": {
        "camera_matrix": [
          4583.6611328125,
          0.0,
          2293.468017578125,
          0.0,
          4583.423828125,
          2676.559814453125,
          0.0,
          0.0,
          1.0
        ],
        "distortion_coefficients": [
          0.0,
          0.0,
          0.0,
          -0.0,
          0.0
        ],
        "resolution": [
          4608,
          5328
        ]
      }
    },
    {
      "camera_id": "C0020",
      "camera_type": "color",
      "colorspace": "sRGB (IEC 61966-2-1)",
      "extrinsics": {
        "view_matrix": [
          -0.8414285743914307,
          -0.002617222350166834,
          -0.5403620123072814,
          -0.01194093722510154,
          0.09255269260130716,
          0.9845133313747955,
          -0.14888753956443398,
          1.329065979456899,
          0.5323832766812393,
          -0.17529018937884894,
          -0.8281554179124079,
          2.3092188765362023,
          0.0,
          0.0,
          0.0,
          1.0
        ]
      },
      "intrinsics": {
        "camera_matrix": [
          4574.677734375,
          0.0,
          2249.9833984375,
          0.0,
          4575.04833984375,
          2711.63671875,
          0.0,
          0.0,
          1.0
        ],
        "color_correction_matrix": [
          1.0,
          0.0,
          0.0,
          0.0,
          1.0,
          0.0,
          0.0,
          0.0,
          1.0
        ],
        "distortion_coefficients": [
          0.0,
          0.0,
          -0.0,
          0.0,
          0.0
        ],
        "resolution": [
          4608,
          5328
        ],
        "white_balance_coefficients": [
          1.0,
          1.0,
          1.0
        ]
      }
    },
    {
      "camera_id": "C0039",
      "camera_type": "color",
      "colorspace": "sRGB (IEC 61966-2-1)",
      "extrinsics": {
        "view_matrix": [
          -0.7147262725450266,
          -0.0002385659773074194,
          -0.6994042453546921,
          0.1265104715782606,
          -0.37953355103086817,
          0.8400894831031018,
          0.38756153578685065,
          0.9580720438171185,
          0.5874696919635869,
          0.5424477887002926,
          -0.600524568655081,
          3.5724549949152387,
          0.0,
          0.0,
          0.0,
          1.0
        ]
      },
      "intrinsics": {
        "camera_matrix": [
          4563.658203125,
          0.0,
          2269.01318359375,
          0.0,
          4564.08544921875,
          2645.8271484375,
          0.0,
          0.0,
          1.0
        ],
        "color_correction_matrix": [
          1.0,
          0.0,
          0.0,
          0.0,
          1.0,
          0.0,
          0.0,
          0.0,
          1.0
        ],
        "distortion_coefficients": [
          0.0,
          0.0,
          -0.0,
          0.0,
          0.0
        ],
        "resolution": [
          4608,
          5328
        ],
        "white_balance_coefficients": [
          1.0,
          1.0,
          1.0
        ]
      }
    },
    {
      "camera_id": "M0010",
      "camera_type": "mono",
      "colorspace": "sRGB (IEC 61966-2-1)",
      "extrinsics": {
        "view_matrix": [
          -0.8870539760863341,
          0.009627619508669841,
          -0.46156532847693565,
          0.05194743160089128,
          0.08802816386567597,
          0.9849669607339964,
          -0.14863084682821323,
          1.3239204611373665,
          0.45319563752960285,
          -0.17247433201792772,
          -0.8745663605005093,
          2.3199461533174377,
          0.0,
          0.0,
          0.0,
          1.0
        ]
      },
      "intrinsics": {
        "camera_matrix": [
          4580.1015625,
          0.0,
          2284.189697265625,
          0.0,
          4580.1533203125,
          2624.006103515625,
          0.0,
          0.0,
          1.0
        ],
        "distortion_coefficients": [
          0.0,
          0.0,
          -0.0,
          0.0,
          0.0
        ],
        "resolution": [
          4608,
          5328
        ]
      }
    },
    {
      "camera_id": "M0011",
      "camera_type": "mono",
      "colorspace": "sRGB (IEC 61966-2-1)",
      "extrinsics": {
        "view_matrix": [
          -0.8102576067819296,
          -0.008035219245005132,
          -0.5860188101961443,
          -0.060745902497699636,
          0.09229398641487149,
          0.9856802113451418,
          -0.14112526717157425,
          1.3137856688410767,
          0.5787611171490978,
          -0.16843383334200215,
          -0.7979132866809822,
          2.3283316944768964,
          0.0,
          0.0,
          0.0,
          1.0
        ]
      },
      "intrinsics": {
        "camera_matrix": [
          4587.47021484375,
          0.0,
          2337.780029296875,
          0.0,
          4587.8974609375,
          2693.79541015625,
          0.0,
          0.0,
          1.0
        ],
        "distortion_coefficients": [
          0.0,
          0.0,
          0.0,
          -0.0,
          0.0
        ],
        "resolution": [
          4608,
          5328
        ]
      }
    },
    {
      "camera_id": "C0009",
      "camera_type": "color",
      "colorspace": "sRGB (IEC 61966-2-1)",
      "extrinsics": {
        "view_matrix": [
          -0.9998735287133517,
          -0.008082916353071817,
          -0.013696460912939377,
          -0.008865234080991602,
          -0.012468121344385965,
          0.9330324198245478,
          0.35957620820417274,
          1.0987432445174865,
          0.009872817655163247,
          0.35970150127512424,
          -0.9330151967958344,
          3.0996890626256532,
          0.0,
          0.0,
          0.0,
          1.0
        ]
      },
      "intrinsics": {
        "camera_matrix": [
          4566.6640625,
          0.0,
          2370.61865234375,
          0.0,
          4567.1455078125,
          2669.018798828125,
          0.0,
          0.0,
          1.0
        ],
        "color_correction_matrix": [
          1.0,
          0.0,
          0.0,
          0.0,
          1.0,
          0.0,
          0.0,
          0.0,
          1.0
        ],
        "distortion_coefficients": [
          0.0,
          0.0,
          0.0,
          -0.0,
          0.0
        ],
        "resolution": [
          4608,
          5328
        ],
        "white_balance_coefficients": [
          1.0,
          1.0,
          1.0
        ]
      }
    },
    {
      "camera_id": "C1002",
      "camera_type": "color",
      "colorspace": "sRGB (IEC 61966-2-1)",
      "extrinsics": {
        "view_matrix": [
          -0.9818519799399151,
          -0.0009957995248663484,
          -0.1896462440212704,
          -0.02546460171158965,
          0.08692339486932198,
          0.8864024522224188,
          -0.45468122472615347,
          1.2239490717477164,
          0.16855566710277345,
          -0.46291435609342374,
          -0.8702294444628671,
          2.164023170473733,
          0.0,
          0.0,
          0.0,
          1.0
        ]
      },
      "intrinsics": {
        "camera_matrix": [
          4568.8056640625,
          0.0,
          2237.62841796875,
          0.0,
          4569.50439453125,
          2694.757568359375,
          0.0,
          0.0,
          1.0
        ],
        "color_correction_matrix": [
          1.0,
          0.0,
          0.0,
          0.0,
          1.0,
          0.0,
          0.0,
          0.0,
          1.0
        ],
        "distortion_coefficients": [
          0.0,
          0.0,
          -0.0,
          0.0,
          0.0
        ],
        "resolution": [
          4608,
          5328
        ],
        "white_balance_coefficients": [
          1.0,
          1.0,
          1.0
        ]
      }
    },
    {
      "camera_id": "M0015",
      "camera_type": "mono",
      "colorspace": "sRGB (IEC 61966-2-1)",
      "extrinsics": {
        "view_matrix": [
          -0.9949001712200549,
          0.029921635556273283,
          -0.09632416639630599,
          -0.003015385375167101,
          -0.006752035474904999,
          0.9330865036416038,
          0.35958863544171266,
          1.0998011485979444,
          0.10063825973878592,
          0.3584051791583444,
          -0.9281258902914108,
          3.1066449665285036,
          0.0,
          0.0,
          0.0,
          1.0
        ]
      },
      "intrinsics": {
        "camera_matrix": [
          4582.80322265625,
          0.0,
          2254.382080078125,
          0.0,
          4584.37939453125,
          2710.35791015625,
          0.0,
          0.0,
          1.0
        ],
        "distortion_coefficients": [
          0.0,
          0.0,
          0.0,
          -0.0,
          0.0
        ],
        "resolution": [
          4608,
          5328
        ]
      }
    },
    {
      "camera_id": "M0016",
      "camera_type": "mono",
      "colorspace": "sRGB (IEC 61966-2-1)",
      "extrinsics": {
        "view_matrix": [
          -0.998882569716,
          -0.022799095047534846,
          0.04139822680470088,
          0.004449057337687301,
          -0.006766940636737785,
          0.9359165216118186,
          0.35215688703822434,
          1.1236399889339728,
          -0.04677414277118109,
          0.3514832369246752,
          -0.9350249802700317,
          3.0994294657176855,
          0.0,
          0.0,
          0.0,
          1.0
        ]
      },
      "intrinsics": {
        "camera_matrix": [
          4586.3037109375,
          0.0,
          2248.025634765625,
          0.0,
          4586.51171875,
          2645.1787109375,
          0.0,
          0.0,
          1.0
        ],
        "distortion_coefficients": [
          0.0,
          0.0,
          -0.0,
          0.0,
          0.0
        ],
        "resolution": [
          4608,
          5328
        ]
      }
    },
    {
      "camera_id": "C0021",
      "camera_type": "color",
      "colorspace": "sRGB (IEC 61966-2-1)",
      "extrinsics": {
        "view_matrix": [
          -0.8946113854270792,
          -0.005120462777366741,
          0.44681567779699427,
          0.016025497287916357,
          -0.0794611059129451,
          0.9858201453212914,
          -0.1477990992049652,
          1.318697341134716,
          -0.439723096631657,
          -0.16772722480161956,
          -0.8823328036228806,
          2.324809250949598,
          0.0,
          0.0,
          0.0,
          1.0
        ]
      },
      "intrinsics": {
        "camera_matrix": [
          4566.681640625,
          0.0,
          2253.786376953125,
          0.0,
          4567.009765625,
          2675.57470703125,
          0.0,
          0.0,
          1.0
        ],
        "color_correction_matrix": [
          1.0,
          0.0,
          0.0,
          0.0,
          1.0,
          0.0,
          0.0,
          0.0,
          1.0
        ],
        "distortion_coefficients": [
          0.0,
          0.0,
          -0.0,
          0.0,
          0.0
        ],
        "resolution": [
          4608,
          5328
        ],
        "white_balance_coefficients": [
          1.0,
          1.0,
          1.0
        ]
      }
    },
    {
      "camera_id": "C0031",
      "camera_type": "color",
      "colorspace": "sRGB (IEC 61966-2-1)",
      "extrinsics": {
        "view_matrix": [
          -0.949181079671791,
          -0.057500704962361225,
          0.30943326731611365,
          -0.13623234496497538,
          0.11917170419878445,
          0.8443009253721584,
          0.5224500476926711,
          1.000437592338269,
          -0.2912960399858729,
          0.5327753901453676,
          -0.7945420069096413,
          3.5650833827799233,
          0.0,
          0.0,
          0.0,
          1.0
        ]
      },
      "intrinsics": {
        "camera_matrix": [
          4566.75048828125,
          0.0,
          2274.68408203125,
          0.0,
          4567.30712890625,
          2686.492919921875,
          0.0,
          0.0,
          1.0
        ],
        "color_correction_matrix": [
          1.0,
          0.0,
          0.0,
          0.0,
          1.0,
          0.0,
          0.0,
          0.0,
          1.0
        ],
        "distortion_coefficients": [
          0.0,
          0.0,
          -0.0,
          0.0,
          0.0
        ],
        "resolution": [
          4608,
          5328
        ],
        "white_balance_coefficients": [
          1.0,
          1.0,
          1.0
        ]
      }
    },
    {
      "camera_id": "M0022",
      "camera_type": "mono",
      "colorspace": "sRGB (IEC 61966-2-1)",
      "extrinsics": {
        "view_matrix": [
          -0.8474832992311313,
          0.010250106036305679,
          0.5307230849045118,
          0.06945704211918757,
          -0.07997667422999319,
          0.985934832839556,
          -0.1467522980152143,
          1.317138085453185,
          -0.524762602615151,
          -0.16681558895942913,
          -0.8347435355704721,
          2.334706898222538,
          0.0,
          0.0,
          0.0,
          1.0
        ]
      },
      "intrinsics": {
        "camera_matrix": [
          4577.302734375,
          0.0,
          2328.544189453125,
          0.0,
          4576.62451171875,
          2649.5048828125,
          0.0,
          0.0,
          1.0
        ],
        "distortion_coefficients": [
          0.0,
          0.0,
          -0.0,
          0.0,
          0.0
        ],
        "resolution": [
          4608,
          5328
        ]
      }
    },
    {
      "camera_id": "C1004",
      "camera_type": "color",
      "colorspace": "sRGB (IEC 61966-2-1)",
      "extrinsics": {
        "view_matrix": [
          -0.6661606855443976,
          0.005663338749636352,
          0.745786744069124,
          0.005451419597368723,
          -0.34520778220851206,
          0.8840623433762121,
          -0.31506405718018743,
          1.2681432809587694,
          -0.6611062911043116,
          -0.4673346762421623,
          -0.5869725481178265,
          2.144829403046112,
          0.0,
          0.0,
          0.0,
          1.0
        ]
      },
      "intrinsics": {
        "camera_matrix": [
          4552.166015625,
