{
  "cameras": [
    {
      "extrinsics": {
        "position": [
          1.5304992198944092,
          2.1915178298950195,
          -0.013867970556020737
        ],
        "target": [
          1.4067347049713135,
          2.0027029514312744,
          0.9603147506713867
        ],
        "view_matrix_gl": [
          -0.008074486628174782,
          0.9922787547111511,
          0.12376454472541809,
          0.0,
          0.9818889498710632,
          -0.015560466796159744,
          0.18881474435329437,
          0.0,
          0.18928270041942596,
          0.12304763495922089,
          -0.9741820096969604,
          0.0,
          -2.1368441581726074,
          -1.4828743934631348,
          -0.6167223453521729,
          1.0
        ]
      },
      "height": 5328,
      "id": 4,
      "intrinsics": {
        "K_opencv": [
          4564.90380859375,
          0.0,
          2331.1484375,
          0.0,
          4565.189453125,
          2639.189208984375,
          0.0,
          0.0,
          1.0
        ],
        "aspect_ratio": 0.8649190068244934,
        "fov_y_deg": 60.531089782714844,
        "optical_center": [
          -0.011783176101744175,
          -0.00931335985660553
        ],
        "projection_gl": [
          1.981295108795166,
          0.0,
          0.0,
          0.0,
          0.0,
          1.7136597633361816,
          0.0,
          0.0,
          -0.011783176101744175,
          -0.00931335985660553,
          -1.0000200271606445,
          -1.0,
          0.0,
          0.0,
          -0.02000020071864128,
          0.0
        ],
        "zfar": 998.65380859375,
        "znear": 0.009999999776482582
      },
      "name": "C0004",
      "view_projection": [
        -0.017456280067563057,
        1.6992754936218262,
        -0.12376702576875687,
        -0.12376454472541809,
        1.9431869983673096,
        -0.028423845767974854,
        -0.1888185292482376,
        -0.18881474435329437,
        0.38650384545326233,
        0.21993470191955566,
        0.974201500415802,
        0.9741820096969604,
        -4.226451873779297,
        -2.535398483276367,
        0.5967344641685486,
        0.6167223453521729
      ],
      "width": 4608
    },
    {
      "extrinsics": {
        "position": [
          2.1395459175109863,
          3.9434707164764404,
          3.328641176223755
        ],
        "target": [
          1.7886613607406616,
          3.0689034461975098,
          2.993957996368408
        ],
        "view_matrix_gl": [
          -0.0008180796285159886,
          0.9364184141159058,
          0.3508845269680023,
          0.0,
          -0.3571207523345947,
          -0.3280200958251953,
          0.8745666146278381,
          0.0,
          0.9340574145317078,
          -0.12459269165992737,
          0.33468276262283325,
          0.0,
          -1.699096441268921,
          -0.2952483892440796,
          -5.313599586486816,
          1.0
        ]
      },
      "height": 5328,
      "id": 0,
      "intrinsics": {
        "K_opencv": [
          4569.93994140625,
          0.0,
          2333.453857421875,
          0.0,
          4569.6142578125,
          2654.287353515625,
          0.0,
          0.0,
          1.0
        ],
        "aspect_ratio": 0.8648032546043396,
        "fov_y_deg": 60.48277282714844,
        "optical_center": [
          -0.012783791869878769,
          -0.0036458882968872786
        ],
        "projection_gl": [
          1.9834809303283691,
          0.0,
          0.0,
          0.0,
          0.0,
          1.7153207063674927,
          0.0,
          0.0,
          -0.012783791869878769,
          -0.0036458882968872786,
          -1.0000200271606445,
          -1.0,
          0.0,
          0.0,
          -0.02000020071864128,
          0.0
        ],
        "zfar": 998.65380859375,
        "znear": 0.009999999776482582
      },
      "name": "C0000",
      "view_projection": [
        -0.0061082798056304455,
        1.6049786806106567,
        -0.3508915603160858,
        -0.3508845269680023,
        -0.7195224761962891,
        -0.5658482313156128,
        -0.8745841383934021,
        -0.8745666146278381,
        1.8484065532684326,
        -0.21493662893772125,
        -0.3346894681453705,
        -0.33468276262283325,
        -3.3021974563598633,
        -0.4870728552341461,
        5.293705940246582,
        5.313599586486816
      ],
      "width": 4608
    },
    {
      "extrinsics": {
        "position": [
          0.04723183810710907,
          1.3301078081130981,
          4.676741600036621
        ],
        "target": [
          0.4894218444824219,
          1.4468600749969482,
          3.7874510288238525
        ],
        "view_matrix_gl": [
          0.004715882241725922,
          0.8969089984893799,
          -0.4421899616718292,
          0.0,
          -0.9917802214622498,
          -0.05234592407941818,
          -0.11675217747688293,
          0.0,
          -0.12786294519901276,
          0.4391058385372162,
          0.8892897963523865,
          0.0,
          1.9169336557388306,
          -2.0263211727142334,
          -3.982799530029297,
          1.0
        ]
      },
      "height": 5328,
      "id": 1,
      "intrinsics": {
        "K_opencv": [
          4577.05078125,
          0.0,
          2250.1572265625,
          0.0,
          4577.287109375,
          2662.97412109375,
          0.0,
          0.0,
          1.0
        ],
        "aspect_ratio": 0.8649095892906189,
        "fov_y_deg": 60.399166107177734,
        "optical_center": [
          0.023369260132312775,
          -0.000385089690098539
        ],
        "projection_gl": [
          1.9865671396255493,
          0.0,
          0.0,
          0.0,
          0.0,
          1.718200922012329,
          0.0,
          0.0,
          0.023369260132312775,
          -0.000385089690098539,
          -1.0000200271606445,
          -1.0,
          0.0,
          0.0,
          -0.02000020071864128,
          0.0
        ],
        "zfar": 998.65380859375,
        "znear": 0.009999999776482582
      },
      "name": "C0001",
      "view_projection": [
        -0.0009652357548475266,
        1.5412400960922241,
        0.44219881296157837,
        0.4421899616718292,
        -1.9729664325714111,
        -0.08989585936069489,
        0.11675451695919037,
        0.11675217747688293,
        -0.23322628438472748,
        0.7541296482086182,
        -0.8893076181411743,
        -0.8892897963523865,
        3.7150423526763916,
        -3.480093240737915,
        3.962879180908203,
        3.982799530029297
      ],
      "width": 4608
    },
    {
      "extrinsics": {
        "position": [
          1.529978632926941,
          3.999086380004883,
          1.6826306581497192
        ],
        "target": [
          1.4844683408737183,
          3.047344207763672,
          1.9861379861831665
        ],
        "view_matrix_gl": [
          -0.00532950833439827,
          0.9989496469497681,
          0.045510292053222656,
          0.0,
          0.30404889583587646,
          -0.04173743352293968,
          0.9517412185668945,
          0.0,
          0.9526410698890686,
          0.018909666687250137,
          -0.30350708961486816,
          0.0,
          -2.810706853866577,
          -1.3932780027389526,
          -3.365034580230713,
          1.0
        ]
      },
      "height": 5328,
      "id": 7,
      "intrinsics": {
        "K_opencv": [
          4577.22509765625,
          0.0,
          2378.465576171875,
          0.0,
          4578.94970703125,
          2653.2060546875,
          0.0,
          0.0,
          1.0
        ],
        "aspect_ratio": 0.8651907444000244,
        "fov_y_deg": 60.381072998046875,
        "optical_center": [
          -0.03232012689113617,
          -0.0040517812594771385
        ],
        "projection_gl": [
          1.986642837524414,
          0.0,
          0.0,
          0.0,
          0.0,
          1.7188249826431274,
          0.0,
          0.0,
          -0.03232012689113617,
          -0.0040517812594771385,
          -1.0000200271606445,
          -1.0,
          0.0,
          0.0,
          -0.02000020071864128,
          0.0
        ],
        "zfar": 998.65380859375,
        "znear": 0.009999999776482582
      },
      "name": "C0007",
      "view_projection": [
        -0.012058727443218231,
        1.7168351411819458,
        -0.04551120474934578,
        -0.045510292053222656,
        0.573276162147522,
        -0.07559559494256973,
        -0.9517602920532227,
        -0.9517412185668945,
        1.9023668766021729,
        0.033732153475284576,
        0.30351316928863525,
        0.30350708961486816,
        -5.475111961364746,
        -2.381166696548462,
        3.345101833343506,
        3.365034580230713
      ],
      "width": 4608
    },
    {
      "extrinsics": {
        "position": [
          1.5322730541229248,
          3.3302464485168457,
          0.5906270146369934
        ],
        "target": [
          1.3335193395614624,
          2.7442891597747803,
          1.3762168884277344
        ],
        "view_matrix_gl": [
          -0.004572518635541201,
          0.9800388216972351,
          0.1987537145614624,
          0.0,
          0.8021270632743835,
          -0.11509071290493011,
          0.585956871509552,
          0.0,
          0.5971351861953735,
          0.1621050387620926,
          -0.7855894565582275,
          0.0,
          -3.016958713531494,
          -1.214150309562683,
          -1.7919354438781738,
          1.0
        ]
      },
      "height": 5328,
      "id": 18,
      "intrinsics": {
        "K_opencv": [
          4559.71630859375,
          0.0,
          2406.807373046875,
          0.0,
          4559.984375,
          2605.773193359375,
          0.0,
          0.0,
          1.0
        ],
        "aspect_ratio": 0.8649157285690308,
        "fov_y_deg": 60.5880126953125,
        "optical_center": [
          -0.04462125524878502,
          -0.02185690961778164
        ],
        "projection_gl": [
          1.9790434837341309,
          0.0,
          0.0,
          0.0,
          0.0,
          1.7117058038711548,
          0.0,
          0.0,
          -0.04462125524878502,
          -0.02185690961778164,
          -1.0000200271606445,
          -1.0,
          0.0,
          0.0,
          -0.02000020071864128,
          0.0
        ],
        "zfar": 998.65380859375,
        "znear": 0.009999999776482582
      },
      "name": "C0018",
      "view_projection": [
        -0.017917852848768234,
        1.6731940507888794,
        -0.19875769317150116,
        -0.1987537145614624,
        1.561298131942749,
        -0.20980864763259888,
        -0.5859686136245728,
        -0.585956871509552,
        1.2168104648590088,
        0.294646680355072,
        0.7856051921844482,
        0.7855894565582275,
        -5.8907341957092285,
        -2.0391018390655518,
        1.7719711065292358,
        1.7919354438781738
      ],
      "width": 4608
    },
    {
      "extrinsics": {
        "position": [
          1.5381015539169312,
          0.906305193901062,
          0.025507261976599693
        ],
        "target": [
          1.4334228038787842,
          1.195358157157898,
          0.9770804643630981
        ],
        "view_matrix_gl": [
          -0.013608329929411411,
          0.9944129586219788,
          0.10467870533466339,
          0.0,
          0.9563232660293579,
          0.04351475089788437,
          -0.2890527844429016,
          0.0,
          -0.2919929027557373,
          0.09617315977811813,
          -0.9515724182128906,
          0.0,
          -0.8383417725563049,
          -1.5713987350463867,
          0.12523555755615234,
          1.0
        ]
      },
      "height": 5328,
      "id": 34,
      "intrinsics": {
        "K_opencv": [
          4567.03662109375,
          0.0,
          2252.142578125,
          0.0,
          4567.6748046875,
          2654.704833984375,
          0.0,
          0.0,
          1.0
        ],
        "aspect_ratio": 0.8649857640266418,
        "fov_y_deg": 60.50394821166992,
        "optical_center": [
          0.0225075613707304,
          -0.0034891765099018812
        ],
        "projection_gl": [
          1.9822207689285278,
          0.0,
          0.0,
          0.0,
          0.0,
          1.714592695236206,
          0.0,
          0.0,
          0.0225075613707304,
          -0.0034891765099018812,
          -1.0000200271606445,
          -1.0,
          0.0,
          0.0,
          -0.02000020071864128,
          0.0
        ],
        "zfar": 998.65380859375,
        "znear": 0.009999999776482582
      },
      "name": "C0034",
      "view_projection": [
        -0.02461865171790123,
        1.7046478986740112,
        -0.10468079894781113,
        -0.10467870533466339,
        1.8891379833221436,
        0.07561863213777542,
        0.2890585660934448,
        0.2890527844429016,
        -0.6002119779586792,
        0.1682180017232895,
        0.9515914916992188,
        0.9515724182128906,
        -1.6589597463607788,
        -2.6947457790374756,
        -0.1452382653951645,
        -0.12523555755615234
      ],
      "width": 4608
    },
    {
      "extrinsics": {
        "position": [
          1.5221529006958008,
          -0.07265842705965042,
          4.205921649932861
        ],
        "target": [
          1.4263838529586792,
          0.5807819962501526,
          3.4550256729125977
        ],
        "view_matrix_gl": [
          -0.011255653575062752,
          0.9953399300575256,
          0.09576906263828278,
          0.0,
          -0.755025327205658,
          0.05433421954512596,
          -0.6534399390220642,
          0.0,
          -0.6555984020233154,
          -0.07966295629739761,
          0.7508953213691711,
          0.0,
          2.7196693420410156,
          -1.1760554313659668,
          -3.3514597415924072,
          1.0
        ]
      },
      "height": 5328,
      "id": 5,
      "intrinsics": {
        "K_opencv": [
          4564.744140625,
          0.0,
          2280.097900390625,
          0.0,
          4565.546875,
          2668.99755859375,
          0.0,
          0.0,
          1.0
        ],
        "aspect_ratio": 0.8650169968605042,
        "fov_y_deg": 60.527183532714844,
        "optical_center": [
          0.010374175384640694,
          0.0018759603844955564
        ],
        "projection_gl": [
          1.9812257289886475,
          0.0,
          0.0,
          0.0,
          0.0,
          1.7137938737869263,
          0.0,
          0.0,
          0.010374175384640694,
          0.0018759603844955564,
          -1.0000200271606445,
          -1.0,
          0.0,
          0.0,
          -0.02000020071864128,
          0.0
        ],
        "zfar": 998.65380859375,
        "znear": 0.009999999776482582
      },
      "name": "C0005",
      "view_projection": [
        -0.021306464448571205,
        1.7059870958328247,
        -0.09577097743749619,
        -0.09576906263828278,
        -1.5026545524597168,
        0.0918918251991272,
        0.6534530520439148,
        0.6534399390220642,
        -1.2910984754562378,
        -0.13511723279953003,
        -0.7509103417396545,
        -0.7508953213691711,
        5.35351037979126,
        -2.021803617477417,
        3.331526756286621,
        3.3514597415924072
      ],
      "width": 4608
    },
    {
      "extrinsics": {
        "position": [
          1.5357551574707031,
          -0.18319186568260193,
          0.6990391612052917
        ],
        "target": [
          1.4581637382507324,
          0.5742132663726807,
          1.3473584651947021
        ],
        "view_matrix_gl": [
          -0.007096214685589075,
          0.9969599843025208,
          0.07759146392345428,
          0.0,
          0.6498432159423828,
          0.06357280910015106,
          -0.7574043869972229,
          0.0,
          -0.7600346207618713,
          0.045047588646411896,
          -0.648318886756897,
          0.0,
          0.6612379550933838,
          -1.550930380821228,
          0.19528841972351074,
          1.0
        ]
      },
      "height": 5328,
      "id": 6,
      "intrinsics": {
        "K_opencv": [
          4565.7255859375,
          0.0,
          2322.37255859375,
          0.0,
          4565.703125,
          2683.756591796875,
          0.0,
          0.0,
          1.0
        ],
        "aspect_ratio": 0.8648605942726135,
        "fov_y_deg": 60.525482177734375,
        "optical_center": [
          -0.007974200882017612,
          0.007416137959808111
        ],
        "projection_gl": [
          1.981651782989502,
          0.0,
          0.0,
          0.0,
          0.0,
          1.7138525247573853,
          0.0,
          0.0,
          -0.007974200882017612,
          0.007416137959808111,
          -1.0000200271606445,
          -1.0,
          0.0,
          0.0,
          -0.02000020071864128,
          0.0
        ],
        "zfar": 998.65380859375,
        "znear": 0.009999999776482582
      },
      "name": "C0006",
      "view_projection": [
        -0.014680956490337849,
        1.7092177867889404,
        -0.07759302109479904,
        -0.07759146392345428,
        1.2938027381896973,
        0.10333740711212158,
        0.7574195265769958,
        0.7574043869972229,
        -1.5009541511535645,
        0.0723968967795372,
        0.648331880569458,
        0.648318886756897,
        1.308786153793335,
        -2.6566176414489746,
        -0.2152925282716751,
        -0.19528841972351074
      ],
      "width": 4608
    },
    {
      "extrinsics": {
        "position": [
          1.526312232017517,
          -0.7881702780723572,
          1.8344391584396362
        ],
        "target": [
          1.4042036533355713,
          0.18055343627929688,
          2.050459623336792
        ],
        "view_matrix_gl": [
          -0.01153268851339817,
          0.9924497604370117,
          0.12210853397846222,
          0.0,
          0.21624936163425446,
          0.12170214205980301,
          -0.9687228202819824,
          0.0,
          -0.9762696623802185,
          0.01523391343653202,
          -0.21602016687393188,
          0.0,
          1.978951096534729,
          -1.4468119144439697,
          -0.5536184310913086,
          1.0
        ]
      },
      "height": 5328,
      "id": 8,
      "intrinsics": {
        "K_opencv": [
          4574.6318359375,
          0.0,
          2319.8857421875,
          0.0,
          4574.787109375,
          2631.152587890625,
          0.0,
          0.0,
          1.0
        ],
        "aspect_ratio": 0.8648942112922668,
        "fov_y_deg": 60.42638397216797,
        "optical_center": [
          -0.0068948534317314625,
          -0.012330109253525734
        ],
        "projection_gl": [
          1.9855172634124756,
          0.0,
          0.0,
          0.0,
          0.0,
          1.7172623872756958,
          0.0,
          0.0,
          -0.0068948534317314625,
          -0.012330109253525734,
          -1.0000200271606445,
          -1.0,
          0.0,
          0.0,
          -0.02000020071864128,
          0.0
        ],
        "zfar": 998.65380859375,
        "znear": 0.009999999776482582
      },
      "name": "C0008",
      "view_projection": [
        -0.023740272969007492,
        1.7027909755706787,
        -0.12211097776889801,
        -0.12210853397846222,
        0.4360460340976715,
        0.22093896567821503,
        0.9687421917915344,
        0.9687228202819824,
        -1.93691086769104,
        0.028824178501963615,
        0.2160244882106781,
        0.21602016687393188,
        3.933058738708496,
        -2.477729558944702,
        0.533629298210144,
        0.5536184310913086
      ],
      "width": 4608
    },
    {
      "extrinsics": {
        "position": [
          1.5285778045654297,
          -0.7498610019683838,
          3.1138668060302734
        ],
        "target": [
          1.475208044052124,
          0.18711555004119873,
          2.768573522567749
        ],
        "view_matrix_gl": [
          -0.0010801437310874462,
          0.9985742568969727,
          0.05336970090866089,
          0.0,
          -0.34583979845046997,
          0.04970342665910721,
          -0.9369757771492004,
          0.0,
          -0.9382925033569336,
          -0.019469434395432472,
          0.3452930152416229,
          0.0,
          2.664036989212036,
          -1.4285025596618652,
          -1.8593776226043701,
          1.0
        ]
      },
      "height": 5328,
      "id": 26,
      "intrinsics": {
        "K_opencv": [
          4574.5927734375,
          0.0,
          2340.766845703125,
          0.0,
          4574.87548828125,
          2655.9423828125,
          0.0,
          0.0,
          1.0
        ],
        "aspect_ratio": 0.8649183511734009,
        "fov_y_deg": 60.425418853759766,
        "optical_center": [
          -0.01595783233642578,
          -0.003024631179869175
        ],
        "projection_gl": [
          1.9855003356933594,
          0.0,
          0.0,
          0.0,
          0.0,
          1.7172956466674805,
          0.0,
          0.0,
          -0.01595783233642578,
          -0.003024631179869175,
          -1.0000200271606445,
          -1.0,
          0.0,
          0.0,
          -0.02000020071864128,
          0.0
        ],
        "zfar": 998.65380859375,
        "znear": 0.009999999776482582
      },
      "name": "C0026",
      "view_projection": [
        -0.002996290335431695,
        1.7146857976913452,
        -0.05337077006697655,
        -0.05336970090866089,
        -0.6717129349708557,
        0.08818948268890381,
        0.9369945526123047,
        0.9369757771492004,
        -1.868490219116211,
        -0.034479159861803055,
        -0.34529992938041687,
        -0.3452930152416229,
        5.319118022918701,
        -2.447537422180176,
        1.8394145965576172,
        1.8593776226043701
      ],
      "width": 4608
    },
    {
      "extrinsics": {
        "position": [
          1.5270249843597412,
          3.435612678527832,
          4.096902370452881
        ],
        "target": [
          1.410219430923462,
          2.7070398330688477,
          3.4219658374786377
        ],
        "view_matrix_gl": [
          -0.01789301075041294,
          0.9929935932159424,
          0.1168055459856987,
          0.0,
          -0.6779336929321289,
          -0.0979175940155983,
          0.7285721302032471,
          0.0,
          0.7349047064781189,
          -0.06615005433559418,
          0.6749357581138611,
          0.0,
          -0.6543923616409302,
          -0.9089087247848511,
          -5.4466023445129395,
          1.0
        ]
      },
      "height": 5328,
      "id": 12,
      "intrinsics": {
        "K_opencv": [
          4585.3154296875,
          0.0,
          2347.975341796875,
          0.0,
          4585.50732421875,
          2621.927001953125,
          0.0,
          0.0,
          1.0
        ],
        "aspect_ratio": 0.864901065826416,
        "fov_y_deg": 60.309818267822266,
        "optical_center": [
          -0.01908651925623417,
          -0.015793167054653168
        ],
        "projection_gl": [
          1.9901542663574219,
          0.0,
          0.0,
          0.0,
          0.0,
          1.7212865352630615,
          0.0,
          0.0,
          -0.01908651925623417,
          -0.015793167054653168,
          -1.0000200271606445,
          -1.0,
          0.0,
          0.0,
          -0.02000020071864128,
          0.0
        ],
        "zfar": 998.65380859375,
        "znear": 0.009999999776482582
      },
      "name": "C0012",
      "view_projection": [
        -0.037839263677597046,
        1.7073817253112793,
        -0.11680788546800613,
        -0.1168055459856987,
        -1.3630985021591187,
        -0.18005070090293884,
        -0.728586733341217,
        -0.7285721302032471,
        1.4496915340423584,
        -0.12452257424592972,
        -0.6749492883682251,
        -0.6749357581138611,
        -1.1983850002288818,
        -1.47847318649292,
        5.426711559295654,
        5.4466023445129395
      ],
      "width": 4608
    },
    {
      "extrinsics": {
        "position": [
          1.5171648263931274,
          1.060741662979126,
          4.8076910972595215
        ],
        "target": [
          1.3656270503997803,
          1.2662773132324219,
          3.8408446311950684
        ],
        "view_matrix_gl": [
          -0.022497229278087616,
          0.9881954193115234,
          0.15153780579566956,
          0.0,
          -0.9786056280136108,
          0.009239545091986656,
          -0.20553544163703918,
          0.0,
          -0.20450930297374725,
          -0.152919739484787,
          0.9668457508087158,
          0.0,
          2.0553975105285645,
          -0.7738651037216187,
          -4.660183906555176,
          1.0
        ]
      },
      "height": 5328,
      "id": 28,
      "intrinsics": {
        "K_opencv": [
          4565.49853515625,
          0.0,
          2333.47314453125,
          0.0,
          4565.2353515625,
          2649.299560546875,
          0.0,
          0.0,
          1.0
        ],
        "aspect_ratio": 0.8648149967193604,
        "fov_y_deg": 60.53059005737305,
        "optical_center": [
          -0.012792163528501987,
          -0.00551818311214447
        ],
        "projection_gl": [
          1.9815531969070435,
          0.0,
          0.0,
          0.0,
          0.0,
          1.713676929473877,
          0.0,
          0.0,
          -0.012792163528501987,
          -0.00551818311214447,
          -1.0000200271606445,
          -1.0,
          0.0,
          0.0,
          -0.02000020071864128,
          0.0
        ],
        "zfar": 998.65380859375,
        "znear": 0.009999999776482582
      },
      "name": "C0028",
      "view_projection": [
        -0.046517953276634216,
        1.6926114559173584,
        -0.1515408456325531,
        -0.15153780579566956,
        -1.9365298748016357,
        0.0169677771627903,
        0.2055395543575287,
        0.20553544163703918,
        -0.4176141023635864,
        -0.26739028096199036,
        -0.9668651223182678,
        -0.9668457508087158,
        4.132493019104004,
        -1.3004391193389893,
        4.64027738571167,
        4.660183906555176
      ],
      "width": 4608
    },
    {
      "extrinsics": {
        "position": [
          1.5167580842971802,
          2.447289228439331,
          4.570071697235107
        ],
        "target": [
          1.402896761894226,
          2.070394992828369,
          3.6508398056030273
        ],
        "view_matrix_gl": [
          -0.007873869501054287,
          0.9934654831886292,
          0.11386126279830933,
          0.0,
          -0.924876868724823,
          -0.05052615702152252,
          0.3768940269947052,
          0.0,
          0.3801841735839844,
          -0.10234003514051437,
          0.9192310571670532,
          0.0,
          0.5379144549369812,
          -0.9154931306838989,
          -5.2960205078125,
          1.0
        ]
      },
      "height": 5328,
      "id": 29,
      "intrinsics": {
        "K_opencv": [
          4571.75048828125,
          0.0,
          2347.376953125,
          0.0,
          4573.35986328125,
          2625.158447265625,
          0.0,
          0.0,
          1.0
        ],
        "aspect_ratio": 0.8651692867279053,
        "fov_y_deg": 60.44193649291992,
        "optical_center": [
          -0.0188268031924963,
          -0.01458016224205494
        ],
        "projection_gl": [
          1.984266757965088,
          0.0,
          0.0,
          0.0,
          0.0,
          1.7167266607284546,
          0.0,
          0.0,
          -0.0188268031924963,
          -0.01458016224205494,
          -1.0000200271606445,
          -1.0,
          0.0,
          0.0,
          -0.02000020071864128,
          0.0
        ],
        "zfar": 998.65380859375,
        "znear": 0.009999999776482582
      },
      "name": "C0029",
      "view_projection": [
        -0.01776750013232231,
        1.7038486003875732,
        -0.11386354267597198,
        -0.11386126279830933,
        -1.842298150062561,
        -0.0922347754240036,
        -0.3769015669822693,
        -0.3768940269947052,
        0.7370806336402893,
        -0.18909239768981934,
        -0.9192494750022888,
        -0.9192310571670532,
        1.1670728921890259,
        -1.4944345951080322,
        5.276126384735107,
        5.2960205078125
      ],
      "width": 4608
    },
    {
      "extrinsics": {
        "position": [
          1.5234564542770386,
          3.9169387817382813,
          2.774972915649414
        ],
        "target": [
          1.4109829664230347,
          2.9350485801696777,
          2.622519016265869
        ],
        "view_matrix_gl": [
          -0.001873036497272551,
          0.9936529397964478,
          0.1124734953045845,
          0.0,
          -0.1532175987958908,
          -0.11143077164888382,
          0.9818893671035767,
          0.0,
          0.9881902933120728,
          -0.015393799170851707,
          0.15245380997657776,
          0.0,
          -2.1392035484313965,
          -1.0346019268035889,
          -4.440403461456299,
          1.0
        ]
      },
      "height": 5328,
      "id": 38,
      "intrinsics": {
        "K_opencv": [
          4578.15771484375,
          0.0,
          2397.050537109375,
          0.0,
          4578.3359375,
          2625.48828125,
          0.0,
          0.0,
          1.0
        ],
        "aspect_ratio": 0.8648985028266907,
        "fov_y_deg": 60.387752532958984,
        "optical_center": [
          -0.040386516600847244,
          -0.014456351287662983
        ],
        "projection_gl": [
          1.9870476722717285,
          0.0,
          0.0,
          0.0,
          0.0,
          1.7185945510864258,
          0.0,
          0.0,
          -0.040386516600847244,
          -0.014456351287662983,
          -1.0000200271606445,
          -1.0,
          0.0,
          0.0,
          -0.02000020071864128,
          0.0
        ],
        "zfar": 998.65380859375,
        "znear": 0.009999999776482582
      },
      "name": "C0038",
      "view_projection": [
        -0.008264224976301193,
        1.706060528755188,
        -0.11247574537992477,
        -0.1124734953045845,
        -0.3441057503223419,
        -0.20569884777069092,
        -0.9819090366363525,
        -0.9818893671035767,
        1.9574241638183594,
        -0.028659624978899956,
        -0.1524568647146225,
        -0.15245380997657776,
        -4.071367263793945,
        -1.7138692140579224,
        4.420492172241211,
        4.440403461456299
      ],
      "width": 4608
    },
    {
      "extrinsics": {
        "position": [
          2.738966464996338,
          4.106487274169922,
          2.517089366912842
        ],
        "target": [
          2.2109835147857666,
          3.2579522132873535,
          2.4821245670318604
        ],
        "view_matrix_gl": [
          0.0008648022194392979,
          0.8492544293403625,
          0.5279831290245056,
          0.0,
          -0.04170818626880646,
          -0.5274930000305176,
          0.8485345244407654,
          0.0,
          0.999129056930542,
          -0.022755034267902374,
          0.034964680671691895,
          0.0,
          -2.345991849899292,
          -0.10265970230102539,
          -5.018633842468262,
          1.0
        ]
      },
      "height": 5328,
      "id": 25,
      "intrinsics": {
        "K_opencv": [
          4556.5908203125,
          0.0,
          2233.367919921875,
          0.0,
          4555.99609375,
          2657.66357421875,
          0.0,
          0.0,
          1.0
        ],
        "aspect_ratio": 0.8647519946098328,
        "fov_y_deg": 60.63169860839844,
        "optical_center": [
          0.03065628558397293,
          -0.0023785382509231567
        ],
        "projection_gl": [
          1.9776870012283325,
          0.0,
          0.0,
          0.0,
          0.0,
          1.710208773612976,
          0.0,
          0.0,
          0.03065628558397293,
          -0.0023785382509231567,
          -1.0000200271606445,
          -1.0,
          0.0,
          0.0,
          -0.02000020071864128,
          0.0
        ],
        "zfar": 998.65380859375,
        "znear": 0.009999999776482582
      },
      "name": "C0025",
      "view_projection": [
        0.01789630949497223,
        1.4511464834213257,
        -0.5279936790466309,
        -0.5279831290245056,
        -0.05647281929850578,
        -0.9041414260864258,
        -0.8485515117645264,
        -0.8485345244407654,
        1.977036476135254,
        -0.03899902105331421,
        -0.034965381026268005,
        -0.034964680671691895,
        -4.793489933013916,
        -0.16363251209259033,
        4.998734474182129,
        5.018633842468262
      ],
      "width": 4608
    },
    {
      "extrinsics": {
        "position": [
          0.9090806841850281,
          4.119840145111084,
          2.136240005493164
        ],
        "target": [
          1.0773026943206787,
          3.140298366546631,
          2.2466936111450195
        ],
        "view_matrix_gl": [
          -0.0005751070566475391,
          0.9857489466667175,
          -0.16822203993797302,
          0.0,
          0.1119527518749237,
          0.16722793877124786,
          0.9795410633087158,
          0.0,
          0.9937129616737366,
          -0.018269577994942665,
          -0.11045348644256592,
          0.0,
          -2.5835139751434326,
          -1.5460493564605713,
          -3.646669864654541,
          1.0
        ]
      },
      "height": 5328,
      "id": 1005,
      "intrinsics": {
        "K_opencv": [
          4573.02392578125,
          0.0,
          2260.96240234375,
          0.0,
          4575.2080078125,
          2675.216796875,
          0.0,
          0.0,
          1.0
        ],
        "aspect_ratio": 0.8652779459953308,
        "fov_y_deg": 60.42180252075195,
        "optical_center": [
          0.018679512664675713,
          0.004210417624562979
        ],
        "projection_gl": [
          1.9848194122314453,
          0.0,
          0.0,
          0.0,
          0.0,
          1.7174204587936401,
          0.0,
          0.0,
          0.018679512664675713,
          0.004210417624562979,
          -1.0000200271606445,
          -1.0,
          0.0,
          0.0,
          -0.02000020071864128,
          0.0
        ],
        "zfar": 998.65380859375,
        "znear": 0.009999999776482582
      },
      "name": "C1005",
      "view_projection": [
        -0.004283789545297623,
        1.6922370195388794,
        0.16822540760040283,
        0.16822203993797302,
        0.24050334095954895,
        0.2913249731063843,
        -0.9795606732368469,
        -0.9795410633087158,
        1.9702775478363037,
        -0.03184160217642784,
        0.1104556992650032,
        0.11045348644256592,
        -5.195926666259766,
        -2.6705706119537354,
        3.6267426013946533,
        3.646669864654541
      ],
      "width": 4608
    },
    {
      "extrinsics": {
        "position": [
          0.08017869293689728,
          3.8336379528045654,
          1.25007963180542
        ],
        "target": [
          0.5021525025367737,
          3.018310070037842,
          1.646538257598877
        ],
        "view_matrix_gl": [
          0.0010168259032070637,
          0.906607449054718,
          -0.42197373509407043,
          0.0,
          0.4377237856388092,
          0.3789970278739929,
          0.8153271079063416,
          0.0,
          0.8991084098815918,
          -0.18553699553012848,
          -0.39645829796791077,
          0.0,
          -2.8021130561828613,
          -1.293691873550415,
          -2.596230983734131,
          1.0
        ]
      },
      "height": 5328,
      "id": 10,
      "intrinsics": {
        "K_opencv": [
          4574.20068359375,
          0.0,
          2249.2919921875,
          0.0,
          4575.07080078125,
          2677.222900390625,
          0.0,
          0.0,
          1.0
        ],
        "aspect_ratio": 0.8650294542312622,
        "fov_y_deg": 60.42329788208008,
        "optical_center": [
          0.023744795471429825,
          0.004963551182299852
        ],
        "projection_gl": [
          1.9853301048278809,
          0.0,
          0.0,
          0.0,
          0.0,
          1.7173689603805542,
          0.0,
          0.0,
          0.023744795471429825,
          0.004963551182299852,
          -1.0000200271606445,
          -1.0,
          0.0,
          0.0,
          -0.02000020071864128,
          0.0
        ],
        "zfar": 998.65380859375,
        "znear": 0.009999999776482582
      },
      "name": "C0010",
      "view_projection": [
        -0.008000945672392845,
        1.5548850297927856,
        0.42198219895362854,
        0.42197373509407043,
        0.8883859515190125,
        0.6549246311187744,
        -0.81534343957901,
        -0.8153271079063416,
        1.7756131887435913,
        -0.32060331106185913,
        0.3964662253856659,
        0.39645829796791077,
        -5.6247663497924805,
        -2.234632730484009,
        2.5762827396392822,
        2.596230983734131
      ],
      "width": 4608
    },
    {
      "extrinsics": {
        "position": [
          2.136046886444092,
          3.5824925899505615,
          0.8553332090377808
        ],
        "target": [
          1.7726421356201172,
          2.854125499725342,
          1.4362112283706665
        ],
        "view_matrix_gl": [
          0.0017663724720478058,
          0.9316297173500061,
          0.3634047210216522,
          0.0,
          0.622965931892395,
          -0.28529810905456543,
          0.7283664345741272,
          0.0,
          0.782246470451355,
          0.22510218620300293,
          -0.5808775424957275,
          0.0,
          -2.9046249389648438,
          -1.160463809967041,
          -2.88877272605896,
          1.0
        ]
      },
      "height": 5328,
      "id": 16,
      "intrinsics": {
        "K_opencv": [
          4561.9326171875,
          0.0,
          2313.49169921875,
          0.0,
          4561.82861328125,
          2629.89697265625,
          0.0,
          0.0,
          1.0
        ],
        "aspect_ratio": 0.8648451566696167,
        "fov_y_deg": 60.56783676147461,
        "optical_center": [
          -0.004119661170989275,
          -0.012801436707377434
        ],
        "projection_gl": [
          1.9800055027008057,
          0.0,
          0.0,
          0.0,
          0.0,
          1.7123981714248657,
          0.0,
          0.0,
          -0.004119661170989275,
          -0.012801436707377434,
          -1.0000200271606445,
          -1.0,
          0.0,
          0.0,
          -0.02000020071864128,
          0.0
        ],
        "zfar": 998.65380859375,
        "znear": 0.009999999776482582
      },
      "name": "C0016",
      "view_projection": [
        0.0020003230310976505,
        1.5906689167022705,
        -0.3634119927883148,
        -0.3634047210216522,
        1.2304753065109253,
        -0.4978680908679962,
        -0.7283810377120972,
        -0.7283664345741272,
        1.5512453317642212,
        0.39290064573287964,
        0.5808891654014587,
        0.5808775424957275,
        -5.739272594451904,
        -1.9501956701278687,
        2.868830442428589,
        2.88877272605896
      ],
      "width": 4608
    },
    {
      "extrinsics": {
        "position": [
          0.9037311673164368,
          2.6465630531311035,
          0.1089477688074112
        ],
        "target": [
          1.0790213346481323,
