{
  "cameras": [
    {
      "extrinsics": {
        "position": [
          1.5301260948181152,
          1.5682367086410522,
          4.880171775817871
        ],
        "target": [
          1.4065240621566772,
          1.555396556854248,
          3.887922763824463
        ],
        "view_matrix_gl": [
          -0.007762546185404062,
          0.9923015236854553,
          0.12360204756259918,
          0.0,
          -0.9998728036880493,
          -0.009421158581972122,
          0.012840166687965393,
          0.0,
          0.013905778527259827,
          -0.12348665297031403,
          0.9922484159469604,
          0.0,
          1.512052297592163,
          -0.9009357690811157,
          -5.051606178283691,
          1.0
        ]
      },
      "height": 5328,
      "id": 4,
      "intrinsics": {
        "K_opencv": [
          4564.90380859375,
          0.0,
          2331.1484375,
          0.0,
          4565.189453125,
          2639.189208984375,
          0.0,
          0.0,
          1.0
        ],
        "aspect_ratio": 0.8649190068244934,
        "fov_y_deg": 60.531089782714844,
        "optical_center": [
          -0.011783176101744175,
          -0.00931335985660553
        ],
        "projection_gl": [
          1.981295108795166,
          0.0,
          0.0,
          0.0,
          0.0,
          1.7136597633361816,
          0.0,
          0.0,
          -0.011783176101744175,
          -0.00931335985660553,
          -1.0000200271606445,
          -1.0,
          0.0,
          0.0,
          -0.02000020071864128,
          0.0
        ],
        "zfar": 998.65380859375,
        "znear": 0.009999999776482582
      },
      "name": "C0004",
      "view_projection": [
        -0.016836319118738174,
        1.6993160247802734,
        -0.12360452115535736,
        -0.12360204756259918,
        -1.9811943769454956,
        -0.01626424677670002,
        -0.012840423732995987,
        -0.012840166687965393,
        0.015859615057706833,
        -0.22085526585578918,
        -0.9922682642936707,
        -0.9922484159469604,
        3.0553457736968994,
        -1.4968500137329102,
        5.031707286834717,
        5.051606178283691
      ],
      "width": 4608
    },
    {
      "extrinsics": {
        "position": [
          1.5303088426589966,
          -0.5458536744117737,
          3.5855696201324463
        ],
        "target": [
          1.4846593141555786,
          0.32455044984817505,
          3.0953519344329834
        ],
        "view_matrix_gl": [
          -0.005040496122092009,
          0.9989448189735413,
          0.045649539679288864,
          0.0,
          -0.49092331528663635,
          0.037298381328582764,
          -0.8704035878181458,
          0.0,
          -0.8711877465248108,
          -0.026797689497470856,
          0.49021726846694946,
          0.0,
          2.86344575881958,
          -1.4122496843338013,
          -2.3026790618896484,
          1.0
        ]
      },
      "height": 5328,
      "id": 7,
      "intrinsics": {
        "K_opencv": [
          4577.22509765625,
          0.0,
          2378.465576171875,
          0.0,
          4578.94970703125,
          2653.2060546875,
          0.0,
          0.0,
          1.0
        ],
        "aspect_ratio": 0.8651907444000244,
        "fov_y_deg": 60.381072998046875,
        "optical_center": [
          -0.03232012689113617,
          -0.0040517812594771385
        ],
        "projection_gl": [
          1.986642837524414,
          0.0,
          0.0,
          0.0,
          0.0,
          1.7188249826431274,
          0.0,
          0.0,
          -0.03232012689113617,
          -0.0040517812594771385,
          -1.0000200271606445,
          -1.0,
          0.0,
          0.0,
          -0.02000020071864128,
          0.0
        ],
        "zfar": 998.65380859375,
        "znear": 0.009999999776482582
      },
      "name": "C0007",
      "view_projection": [
        -0.011489063501358032,
        1.716826319694519,
        -0.04565045237541199,
        -0.045649539679288864,
        -0.9471577405929565,
        0.06763608008623123,
        0.8704209923744202,
        0.8704035878181458,
        -1.7465827465057373,
        -0.048046793788671494,
        -0.490227073431015,
        -0.49021726846694946,
        5.76306676864624,
        -2.4180800914764404,
        2.2827248573303223,
        2.3026790618896484
      ],
      "width": 4608
    },
    {
      "extrinsics": {
        "position": [
          1.5322929620742798,
          0.3308350145816803,
          4.519408226013184
        ],
        "target": [
          1.3335657119750977,
          0.7449682950973511,
          3.631150484085083
        ],
        "view_matrix_gl": [
          -0.004146754741668701,
          0.9800460934638977,
          0.19872720539569855,
          0.0,
          -0.90668123960495,
          0.08013878762722015,
          -0.4141329526901245,
          0.0,
          -0.4217950701713562,
          -0.1818995475769043,
          0.8882570862770081,
          0.0,
          2.2125802040100098,
          -0.7061519622802734,
          -4.1818952560424805,
          1.0
        ]
      },
      "height": 5328,
      "id": 18,
      "intrinsics": {
        "K_opencv": [
          4559.71630859375,
          0.0,
          2406.807373046875,
          0.0,
          4559.984375,
          2605.773193359375,
          0.0,
          0.0,
          1.0
        ],
        "aspect_ratio": 0.8649157285690308,
        "fov_y_deg": 60.5880126953125,
        "optical_center": [
          -0.04462125524878502,
          -0.02185690961778164
        ],
        "projection_gl": [
          1.9790434837341309,
          0.0,
          0.0,
          0.0,
          0.0,
          1.7117058038711548,
          0.0,
          0.0,
          -0.04462125524878502,
          -0.02185690961778164,
          -1.0000200271606445,
          -1.0,
          0.0,
          0.0,
          -0.02000020071864128,
          0.0
        ],
        "zfar": 998.65380859375,
        "znear": 0.009999999776482582
      },
      "name": "C0018",
      "view_projection": [
        -0.017074065282940865,
        1.6732070446014404,
        -0.1987311840057373,
        -0.19872720539569855,
        -1.7758824825286865,
        0.1462256908416748,
        0.4141412377357483,
        0.4141329526901245,
        -0.8743858933448792,
        -0.3307730555534363,
        -0.8882748484611511,
        -0.8882570862770081,
        4.565393924713135,
        -1.1173210144042969,
        4.1619791984558105,
        4.1818952560424805
      ],
      "width": 4608
    },
    {
      "extrinsics": {
        "position": [
          1.537546157836914,
          2.8182966709136963,
          4.580788612365723
        ],
        "target": [
          1.4330641031265259,
          2.3422276973724365,
          3.707608938217163
        ],
        "view_matrix_gl": [
          -0.01351110264658928,
          0.9944350123405457,
          0.10448204725980759,
          0.0,
          -0.8772239089012146,
          -0.06193755567073822,
          0.4760684370994568,
          0.0,
          0.47989052534103394,
          -0.08522193133831024,
          0.8731789588928223,
          0.0,
          0.2947741448879242,
          -0.9640476703643799,
          -5.502195835113525,
          1.0
        ]
      },
      "height": 5328,
      "id": 34,
      "intrinsics": {
        "K_opencv": [
          4567.03662109375,
          0.0,
          2252.142578125,
          0.0,
          4567.6748046875,
          2654.704833984375,
          0.0,
          0.0,
          1.0
        ],
        "aspect_ratio": 0.8649857640266418,
        "fov_y_deg": 60.50394821166992,
        "optical_center": [
          0.0225075613707304,
          -0.0034891765099018812
        ],
        "projection_gl": [
          1.9822207689285278,
          0.0,
          0.0,
          0.0,
          0.0,
          1.714592695236206,
          0.0,
          0.0,
          0.0225075613707304,
          -0.0034891765099018812,
          -1.0000200271606445,
          -1.0,
          0.0,
          0.0,
          -0.02000020071864128,
          0.0
        ],
        "zfar": 998.65380859375,
        "znear": 0.009999999776482582
      },
      "name": "C0034",
      "view_projection": [
        -0.024430351331830025,
        1.7046865224838257,
        -0.10448414087295532,
        -0.10448204725980759,
        -1.7281363010406494,
        -0.10785876214504242,
        -0.47607797384262085,
        -0.4760684370994568,
        0.9709020853042603,
        -0.14916758239269257,
        -0.8731964230537415,
        -0.8731789588928223,
        0.4604664146900177,
        -1.6337509155273438,
        5.482306003570557,
        5.502195835113525
      ],
      "width": 4608
    },
    {
      "extrinsics": {
        "position": [
          1.5224874019622803,
          2.929243564605713,
          0.2894120514392853
        ],
        "target": [
          1.4265440702438354,
          2.4416005611419678,
          1.157167911529541
        ],
        "view_matrix_gl": [
          -0.011655498296022415,
          0.995318591594696,
          0.09594328701496124,
          0.0,
          0.8722673654556274,
          -0.03679154813289642,
          0.48764243721961975,
          0.0,
          0.48888951539993286,
          0.08937191218137741,
          -0.867755115032196,
          0.0,
          -2.678828716278076,
          -1.4334537982940674,
          -1.323357105255127,
          1.0
        ]
      },
      "height": 5328,
      "id": 5,
      "intrinsics": {
        "K_opencv": [
          4564.744140625,
          0.0,
          2280.097900390625,
          0.0,
          4565.546875,
          2668.99755859375,
          0.0,
          0.0,
          1.0
        ],
        "aspect_ratio": 0.8650169968605042,
        "fov_y_deg": 60.527183532714844,
        "optical_center": [
          0.010374175384640694,
          0.0018759603844955564
        ],
        "projection_gl": [
          1.9812257289886475,
          0.0,
          0.0,
          0.0,
          0.0,
          1.7137938737869263,
          0.0,
          0.0,
          0.010374175384640694,
          0.0018759603844955564,
          -1.0000200271606445,
          -1.0,
          0.0,
          0.0,
          -0.02000020071864128,
          0.0
        ],
        "zfar": 998.65380859375,
        "znear": 0.009999999776482582
      },
      "name": "C0005",
      "view_projection": [
        -0.022096840664744377,
        1.7059508562088013,
        -0.09594520926475525,
        -0.09594328701496124,
        1.733217477798462,
        -0.062138333916664124,
        -0.4876522123813629,
        -0.48764243721961975,
        0.9595982432365417,
        0.15153716504573822,
        0.8677725195884705,
        0.867755115032196,
        -5.3210930824279785,
        -2.4591269493103027,
        1.3033833503723145,
        1.323357105255127
      ],
      "width": 4608
    },
    {
      "extrinsics": {
        "position": [
          1.5351468324661255,
          3.748403549194336,
          3.7003276348114014
        ],
        "target": [
          1.4577592611312866,
          2.875239133834839,
          3.219083070755005
        ],
        "view_matrix_gl": [
          -0.007093938533216715,
          0.996975839138031,
          0.07738757133483887,
          0.0,
          -0.48219719529151917,
          -0.07120802998542786,
          0.8731634616851807,
          0.0,
          0.8760335445404053,
          -0.03112190216779709,
          0.4812440872192383,
          0.0,
          -1.4232510328292847,
          -1.1484266519546509,
          -5.172530174255371,
          1.0
        ]
      },
      "height": 5328,
      "id": 6,
      "intrinsics": {
        "K_opencv": [
          4565.7255859375,
          0.0,
          2322.37255859375,
          0.0,
          4565.703125,
          2683.756591796875,
          0.0,
          0.0,
          1.0
        ],
        "aspect_ratio": 0.8648605942726135,
        "fov_y_deg": 60.525482177734375,
        "optical_center": [
          -0.007974200882017612,
          0.007416137959808111
        ],
        "projection_gl": [
          1.981651782989502,
          0.0,
          0.0,
          0.0,
          0.0,
          1.7138525247573853,
          0.0,
          0.0,
          -0.007974200882017612,
          0.007416137959808111,
          -1.0000200271606445,
          -1.0,
          0.0,
          0.0,
          -0.02000020071864128,
          0.0
        ],
        "zfar": 998.65380859375,
        "znear": 0.009999999776482582
      },
      "name": "C0006",
      "view_projection": [
        -0.014674820005893707,
        1.7092434167861938,
        -0.07738912105560303,
        -0.07738757133483887,
        -0.9625096917152405,
        -0.11556456238031387,
        -0.8731809258460999,
        -0.8731634616851807,
        1.7321557998657227,
        -0.04976937547326088,
        -0.4812537133693695,
        -0.4812440872192383,
        -2.7791409492492676,
        -2.006594181060791,
        5.1526336669921875,
        5.172530174255371
      ],
      "width": 4608
    },
    {
      "extrinsics": {
        "position": [
          1.5258045196533203,
          4.110219478607178,
          2.4663400650024414
        ],
        "target": [
          1.4038596153259277,
          3.117798328399658,
          2.451159715652466
        ],
        "view_matrix_gl": [
          -0.011856473982334137,
          0.9924660325050354,
          0.12194494158029556,
          0.0,
          -0.013836875557899475,
          -0.12210463732481003,
          0.9924203753471375,
          0.0,
          0.9998335242271423,
          0.010079270228743553,
          0.015180349349975586,
          0.0,
          -2.3909661769866943,
          -1.037291169166565,
          -4.302569389343262,
          1.0
        ]
      },
      "height": 5328,
      "id": 8,
      "intrinsics": {
        "K_opencv": [
          4574.6318359375,
          0.0,
          2319.8857421875,
          0.0,
          4574.787109375,
          2631.152587890625,
          0.0,
          0.0,
          1.0
        ],
        "aspect_ratio": 0.8648942112922668,
        "fov_y_deg": 60.42638397216797,
        "optical_center": [
          -0.0068948534317314625,
          -0.012330109253525734
        ],
        "projection_gl": [
          1.9855172634124756,
          0.0,
          0.0,
          0.0,
          0.0,
          1.7172623872756958,
          0.0,
          0.0,
          -0.0068948534317314625,
          -0.012330109253525734,
          -1.0000200271606445,
          -1.0,
          0.0,
          0.0,
          -0.02000020071864128,
          0.0
        ],
        "zfar": 998.65380859375,
        "znear": 0.009999999776482582
      },
      "name": "C0008",
      "view_projection": [
        -0.024382026866078377,
        1.7028210163116455,
        -0.12194738537073135,
        -0.12194494158029556,
        -0.03431594744324684,
        -0.2219223529100418,
        -0.9924402236938477,
        -0.9924203753471375,
        1.9850820302963257,
        0.0171215757727623,
        -0.01518065296113491,
        -0.015180349349975586,
        -4.717638969421387,
        -1.7282500267028809,
        4.282655715942383,
        4.302569389343262
      ],
      "width": 4608
    },
    {
      "extrinsics": {
        "position": [
          1.528448462486267,
          3.813633441925049,
          1.2214984893798828
        ],
        "target": [
          1.475048542022705,
          2.9661083221435547,
          1.7495614290237427
        ],
        "view_matrix_gl": [
          -0.001484148669987917,
          0.9985721111297607,
          0.05339997634291649,
          0.0,
          0.5288838148117065,
          -0.04453643038868904,
          0.8475243449211121,
          0.0,
          0.8486924767494202,
          0.029500238597393036,
          -0.5280625820159912,
          0.0,
          -3.051377058029175,
          -1.392454743385315,
          -2.668738603591919,
          1.0
        ]
      },
      "height": 5328,
      "id": 26,
      "intrinsics": {
        "K_opencv": [
          4574.5927734375,
          0.0,
          2340.766845703125,
          0.0,
          4574.87548828125,
          2655.9423828125,
          0.0,
          0.0,
          1.0
        ],
        "aspect_ratio": 0.8649183511734009,
        "fov_y_deg": 60.425418853759766,
        "optical_center": [
          -0.01595783233642578,
          -0.003024631179869175
        ],
        "projection_gl": [
          1.9855003356933594,
          0.0,
          0.0,
          0.0,
          0.0,
          1.7172956466674805,
          0.0,
          0.0,
          -0.01595783233642578,
          -0.003024631179869175,
          -1.0000200271606445,
          -1.0,
          0.0,
          0.0,
          -0.02000020071864128,
          0.0
        ],
        "zfar": 998.65380859375,
        "znear": 0.009999999776482582
      },
      "name": "C0026",
      "view_projection": [
        -0.0037989255506545305,
        1.7146819829940796,
        -0.05340104550123215,
        -0.05339997634291649,
        1.036574363708496,
        -0.07904566824436188,
        -0.847541332244873,
        -0.8475243449211121,
        1.6935060024261475,
        0.052257828414440155,
        0.5280731320381165,
        0.5280625820159912,
        -6.015923023223877,
        -2.3831846714019775,
        2.648791790008545,
        2.668738603591919
      ],
      "width": 4608
    },
    {
      "extrinsics": {
        "position": [
          1.5279853343963623,
          -0.4838184118270874,
          1.1072895526885986
        ],
        "target": [
          1.4107838869094849,
          0.36645859479904175,
          1.6204109191894531
        ],
        "view_matrix_gl": [
          -0.01798310875892639,
          0.9929453134536743,
          0.11720139533281326,
          0.0,
          0.5147801041603088,
          0.10968470573425293,
          -0.8502764105796814,
          0.0,
          -0.857133150100708,
          0.045042335987091064,
          -0.5131210088729858,
          0.0,
          1.2256325483322144,
          -1.5140131711959839,
          -0.022287845611572266,
          1.0
        ]
      },
      "height": 5328,
      "id": 12,
      "intrinsics": {
        "K_opencv": [
          4585.3154296875,
          0.0,
          2347.975341796875,
          0.0,
          4585.50732421875,
          2621.927001953125,
          0.0,
          0.0,
          1.0
        ],
        "aspect_ratio": 0.864901065826416,
        "fov_y_deg": 60.309818267822266,
        "optical_center": [
          -0.01908651925623417,
          -0.015793167054653168
        ],
        "projection_gl": [
          1.9901542663574219,
          0.0,
          0.0,
          0.0,
          0.0,
          1.7212865352630615,
          0.0,
          0.0,
          -0.01908651925623417,
          -0.015793167054653168,
          -1.0000200271606445,
          -1.0,
          0.0,
          0.0,
          -0.02000020071864128,
          0.0
        ],
        "zfar": 998.65380859375,
        "znear": 0.009999999776482582
      },
      "name": "C0012",
      "view_projection": [
        -0.038026127964258194,
        1.7072924375534058,
        -0.1172037422657013,
        -0.11720139533281326,
        1.0407205820083618,
        0.20222735404968262,
        0.8502934575080872,
        0.8502764105796814,
        -1.6960335969924927,
        0.08563456684350967,
        0.5131312608718872,
        0.5131210088729858,
        2.4396231174468994,
        -2.605698585510254,
        0.0022880919277668,
        0.022287845611572266
      ],
      "width": 4608
    },
    {
      "extrinsics": {
        "position": [
          1.517800211906433,
          1.6977980136871338,
          -0.06993678212165833
        ],
        "target": [
          1.3659313917160034,
          1.6923874616622925,
          0.9184495210647583
        ],
        "view_matrix_gl": [
          -0.022877195850014687,
          0.9881358742713928,
          0.1518688052892685,
          0.0,
          0.999735951423645,
          0.022314192727208138,
          0.005410611629486084,
          0.0,
          0.0019575804471969604,
          0.15195249021053314,
          -0.9883853793144226,
          0.0,
          -1.6624897718429565,
          -1.5270507335662842,
          -0.30881714820861816,
          1.0
        ]
      },
      "height": 5328,
      "id": 28,
      "intrinsics": {
        "K_opencv": [
          4565.49853515625,
          0.0,
          2333.47314453125,
          0.0,
          4565.2353515625,
          2649.299560546875,
          0.0,
          0.0,
          1.0
        ],
        "aspect_ratio": 0.8648149967193604,
        "fov_y_deg": 60.53059005737305,
        "optical_center": [
          -0.012792163528501987,
          -0.00551818311214447
        ],
        "projection_gl": [
          1.9815531969070435,
          0.0,
          0.0,
          0.0,
          0.0,
          1.713676929473877,
          0.0,
          0.0,
          -0.012792163528501987,
          -0.00551818311214447,
          -1.0000200271606445,
          -1.0,
          0.0,
          0.0,
          -0.02000020071864128,
          0.0
        ],
        "zfar": 998.65380859375,
        "znear": 0.009999999776482582
      },
      "name": "C0028",
      "view_projection": [
        -0.047275111079216,
        1.6925076246261597,
        -0.15187184512615204,
        -0.1518688052892685,
        1.980960726737976,
        0.0382094606757164,
        -0.005410720128566027,
        -0.005410611629486084,
        0.016522638499736786,
        0.26585155725479126,
        0.988405168056488,
        0.9883853793144226,
        -3.2903616428375244,
        -2.6151673793792725,
        0.2888231575489044,
        0.30881714820861816
      ],
      "width": 4608
    },
    {
      "extrinsics": {
        "position": [
          1.5174026489257813,
          0.38816559314727783,
          0.4435293674468994
        ],
        "target": [
          1.4032045602798462,
          0.9435344934463501,
          1.2672557830810547
        ],
        "view_matrix_gl": [
          -0.00815195869654417,
          0.9934245347976685,
          0.11419808864593506,
          0.0,
          0.8285982608795166,
          0.07064119726419449,
          -0.5553683638572693,
          0.0,
          -0.5597836375236511,
          0.09009699523448944,
          -0.8237256407737732,
          0.0,
          -0.060983069241046906,
          -1.5748059749603271,
          0.4076368808746338,
          1.0
        ]
      },
      "height": 5328,
      "id": 29,
      "intrinsics": {
        "K_opencv": [
          4571.75048828125,
          0.0,
          2347.376953125,
          0.0,
          4573.35986328125,
          2625.158447265625,
          0.0,
          0.0,
          1.0
        ],
        "aspect_ratio": 0.8651692867279053,
        "fov_y_deg": 60.44193649291992,
        "optical_center": [
          -0.0188268031924963,
          -0.01458016224205494
        ],
        "projection_gl": [
          1.984266757965088,
          0.0,
          0.0,
          0.0,
          0.0,
          1.7167266607284546,
          0.0,
          0.0,
          -0.0188268031924963,
          -0.01458016224205494,
          -1.0000200271606445,
          -1.0,
          0.0,
          0.0,
          -0.02000020071864128,
          0.0
        ],
        "zfar": 998.65380859375,
        "znear": 0.009999999776482582
      },
      "name": "C0029",
      "view_projection": [
        -0.018325645476579666,
        1.7037733793258667,
        -0.11420037597417831,
        -0.11419808864593506,
        1.654615879058838,
        0.12936899065971375,
        0.5553795099258423,
        0.5553683638572693,
        -1.0952519178390503,
        0.16668196022510529,
        0.823742151260376,
        0.8237256407737732,
        -0.12868116796016693,
        -2.7094547748565674,
        -0.4276452362537384,
        -0.4076368808746338
      ],
      "width": 4608
    },
    {
      "extrinsics": {
        "position": [
          1.5243072509765625,
          -0.6870874166488647,
          2.499455690383911
        ],
        "target": [
          1.4114302396774292,
          0.30526840686798096,
          2.449559450149536
        ],
        "view_matrix_gl": [
          -0.0017319683684036136,
          0.9936074614524841,
          0.1128770038485527,
          0.0,
          -0.05041363090276718,
          0.11264684051275253,
          -0.9923549294471741,
          0.0,
          -0.9987265467643738,
          -0.007409265264868736,
          0.0498962476849556,
          0.0,
          2.4642739295959473,
          -1.4186456203460693,
          -0.978607177734375,
          1.0
        ]
      },
      "height": 5328,
      "id": 38,
      "intrinsics": {
        "K_opencv": [
          4578.15771484375,
          0.0,
          2397.050537109375,
          0.0,
          4578.3359375,
          2625.48828125,
          0.0,
          0.0,
          1.0
        ],
        "aspect_ratio": 0.8648985028266907,
        "fov_y_deg": 60.387752532958984,
        "optical_center": [
          -0.040386516600847244,
          -0.014456351287662983
        ],
        "projection_gl": [
          1.9870476722717285,
          0.0,
          0.0,
          0.0,
          0.0,
          1.7185945510864258,
          0.0,
          0.0,
          -0.040386516600847244,
          -0.014456351287662983,
          -1.0000200271606445,
          -1.0,
          0.0,
          0.0,
          -0.02000020071864128,
          0.0
        ],
        "zfar": 998.65380859375,
        "znear": 0.009999999776482582
      },
      "name": "C0038",
      "view_projection": [
        -0.008000212721526623,
        1.7059766054153442,
        -0.11287926137447357,
        -0.1128770038485527,
        -0.06009652838110924,
        0.20794007182121277,
        0.9923747777938843,
        0.9923549294471741,
        -1.9865323305130005,
        -0.013454840518534184,
        -0.049897246062755585,
        -0.0498962476849556,
        4.936152458190918,
        -2.4239296913146973,
        0.9586265683174133,
        0.978607177734375
      ],
      "width": 4608
    },
    {
      "extrinsics": {
        "position": [
          2.739619255065918,
          -0.8202323317527771,
          2.7905893325805664
        ],
        "target": [
          2.2114553451538086,
          0.01763737201690674,
          2.652683973312378
        ],
        "view_matrix_gl": [
          0.0010782255558297038,
          0.8491417765617371,
          0.5281638503074646,
          0.0,
          -0.16174347698688507,
          0.5213575959205627,
          -0.8378689885139465,
          0.0,
          -0.9868318438529968,
          -0.08452364802360535,
          0.1379052847623825,
          0.0,
          2.6182212829589844,
          -1.6628198623657227,
          -2.519052028656006,
          1.0
        ]
      },
      "height": 5328,
      "id": 25,
      "intrinsics": {
        "K_opencv": [
          4556.5908203125,
          0.0,
          2233.367919921875,
          0.0,
          4555.99609375,
          2657.66357421875,
          0.0,
          0.0,
          1.0
        ],
        "aspect_ratio": 0.8647519946098328,
        "fov_y_deg": 60.63169860839844,
        "optical_center": [
          0.03065628558397293,
          -0.0023785382509231567
        ],
        "projection_gl": [
          1.9776870012283325,
          0.0,
          0.0,
          0.0,
          0.0,
          1.710208773612976,
          0.0,
          0.0,
          0.03065628558397293,
          -0.0023785382509231567,
          -1.0000200271606445,
          -1.0,
          0.0,
          0.0,
          -0.02000020071864128,
          0.0
        ],
        "zfar": 998.65380859375,
        "znear": 0.009999999776482582
      },
      "name": "C0025",
      "view_projection": [
        0.018323935568332672,
        1.450953483581543,
        -0.5281744003295898,
        -0.5281638503074646,
        -0.34556394815444946,
        0.8936232328414917,
        0.8378857970237732,
        0.8378689885139465,
        -1.94741690158844,
        -0.14488109946250916,
        -0.13790804147720337,
        -0.1379052847623825,
        5.100797653198242,
        -2.8377773761749268,
        2.4991023540496826,
        2.519052028656006
      ],
      "width": 4608
    },
    {
      "extrinsics": {
        "position": [
          0.9097622036933899,
          -0.7566837668418884,
          3.165853500366211
        ],
        "target": [
          1.0777450799942017,
          0.1801694631576538,
          2.8591148853302
        ],
        "view_matrix_gl": [
          -0.00035798357566818595,
          0.9857898354530334,
          -0.16798283159732819,
          0.0,
          -0.3111020624637604,
          -0.15975666046142578,
          -0.9368524551391602,
          0.0,
          -0.950376033782959,
          0.05192442983388901,
          0.3067384362220764,
          0.0,
          2.7736709117889404,
          -1.1821047067642212,
          -1.527165412902832,
          1.0
        ]
      },
      "height": 5328,
      "id": 1005,
      "intrinsics": {
        "K_opencv": [
          4573.02392578125,
          0.0,
          2260.96240234375,
          0.0,
          4575.2080078125,
          2675.216796875,
          0.0,
          0.0,
          1.0
        ],
        "aspect_ratio": 0.8652779459953308,
        "fov_y_deg": 60.42180252075195,
        "optical_center": [
          0.018679512664675713,
          0.004210417624562979
        ],
        "projection_gl": [
          1.9848194122314453,
          0.0,
          0.0,
          0.0,
          0.0,
          1.7174204587936401,
          0.0,
          0.0,
          0.018679512664675713,
          0.004210417624562979,
          -1.0000200271606445,
          -1.0,
          0.0,
          0.0,
          -0.02000020071864128,
          0.0
        ],
        "zfar": 998.65380859375,
        "znear": 0.009999999776482582
      },
      "name": "C1005",
      "view_projection": [
        -0.0038483701646327972,
        1.6923083066940308,
        0.167986199259758,
        0.16798283159732819,
        -0.6349813342094421,
        -0.27831390500068665,
        0.9368712306022644,
        0.9368524551391602,
        -1.880595088005066,
        0.09046757966279984,
        -0.3067445755004883,
        -0.3067384362220764,
        5.476708889007568,
        -2.0366008281707764,
        1.5071958303451538,
        1.527165412902832
      ],
      "width": 4608
    },
    {
      "extrinsics": {
        "position": [
          0.08061019331216812,
          -0.29645055532455444,
          3.975430488586426
        ],
        "target": [
          0.5024354457855225,
          0.42158395051956177,
          3.421814441680908
        ],
        "view_matrix_gl": [
          0.0013336597476154566,
          0.906676173210144,
          -0.42182523012161255,
          0.0,
          -0.6110889315605164,
          -0.33316177129745483,
          -0.7180339097976685,
          0.0,
          -0.7915602922439575,
          0.25873035192489624,
          0.5536155104637146,
          0.0,
          2.9655277729034424,
          -1.2004178762435913,
          -2.379718065261841,
          1.0
        ]
      },
      "height": 5328,
      "id": 10,
      "intrinsics": {
        "K_opencv": [
          4574.20068359375,
          0.0,
          2249.2919921875,
          0.0,
          4575.07080078125,
          2677.222900390625,
          0.0,
          0.0,
          1.0
        ],
        "aspect_ratio": 0.8650294542312622,
        "fov_y_deg": 60.42329788208008,
        "optical_center": [
          0.023744795471429825,
          0.004963551182299852
        ],
        "projection_gl": [
          1.9853301048278809,
          0.0,
          0.0,
          0.0,
          0.0,
          1.7173689603805542,
          0.0,
          0.0,
          0.023744795471429825,
          0.004963551182299852,
          -1.0000200271606445,
          -1.0,
          0.0,
          0.0,
          -0.02000020071864128,
          0.0
        ],
        "zfar": 998.65380859375,
        "znear": 0.009999999776482582
      },
      "name": "C0010",
      "view_projection": [
        -0.007368398830294609,
        1.5550037622451782,
        0.42183366417884827,
        0.42182523012161255,
        -1.2302627563476563,
        -0.5757256746292114,
        0.7180482745170593,
        0.7180339097976685,
        -1.5583630800247192,
        0.44708335399627686,
        -0.5536265969276428,
        -0.5536155104637146,
        5.831046104431152,
        -2.0733723640441895,
        2.3597655296325684,
        2.379718065261841
      ],
      "width": 4608
    },
    {
      "extrinsics": {
        "position": [
          2.136019706726074,
          0.03021642193198204,
          4.311739921569824
        ],
        "target": [
          1.7726664543151855,
          0.6253975629806519,
          3.594987154006958
        ],
        "view_matrix_gl": [
          0.0022348545026034117,
          0.9316487312316895,
          0.36335328221321106,
          0.0,
          -0.7687760591506958,
          0.23397120833396912,
          -0.5951806902885437,
          0.0,
          -0.6395135521888733,
          -0.2780071496963501,
          0.7167521715164185,
          0.0,
          2.775871753692627,
          -0.7983954548835754,
          -3.8485941886901855,
          1.0
        ]
      },
      "height": 5328,
      "id": 16,
      "intrinsics": {
        "K_opencv": [
          4561.9326171875,
          0.0,
          2313.49169921875,
          0.0,
          4561.82861328125,
          2629.89697265625,
          0.0,
          0.0,
          1.0
        ],
        "aspect_ratio": 0.8648451566696167,
        "fov_y_deg": 60.56783676147461,
        "optical_center": [
          -0.004119661170989275,
          -0.012801436707377434
        ],
        "projection_gl": [
          1.9800055027008057,
          0.0,
          0.0,
          0.0,
          0.0,
          1.7123981714248657,
          0.0,
          0.0,
          -0.004119661170989275,
          -0.012801436707377434,
          -1.0000200271606445,
          -1.0,
          0.0,
          0.0,
          -0.02000020071864128,
          0.0
        ],
        "zfar": 998.65380859375,
        "znear": 0.009999999776482582
      },
      "name": "C0016",
      "view_projection": [
        0.002928131725639105,
        1.5907021760940552,
        -0.36336055397987366,
        -0.36335328221321106,
        -1.5197288990020752,
        0.40827104449272156,
        0.5951926112174988,
        0.5951806902885437,
        -1.269193172454834,
        -0.4852343797683716,
        -0.7167665362358093,
        -0.7167521715164185,
        5.512096405029297,
        -1.3179033994674683,
        3.8286709785461426,
        3.8485941886901855
      ],
      "width": 4608
    },
    {
      "extrinsics": {
        "position": [
          0.903635561466217,
          1.0976102352142334,
          4.8521013259887695
        ],
        "target": [
          1.0789815187454224,
          1.3028006553649902,
          3.889214277267456
        ],
        "view_matrix_gl": [
          0.002943092491477728,
          0.9845024943351746,
          -0.1753460019826889,
          0.0,
          -0.9781440496444702,
          -0.03362157940864563,
          -0.20519030094146729,
          0.0,
          -0.20790575444698334,
          0.17211753129959106,
          0.9628862738609314,
          0.0,
          2.0797412395477295,
          -1.6878598928451538,
          -4.28835391998291,
          1.0
        ]
      },
      "height": 5328,
      "id": 20,
      "intrinsics": {
        "K_opencv": [
          4574.677734375,
          0.0,
          2249.9833984375,
          0.0,
          4575.04833984375,
          2711.63671875,
          0.0,
          0.0,
          1.0
        ],
        "aspect_ratio": 0.8649349808692932,
        "fov_y_deg": 60.42354202270508,
        "optical_center": [
          0.023444704711437225,
          0.01788165047764778
        ],
        "projection_gl": [
          1.9855371713638306,
          0.0,
          0.0,
          0.0,
          0.0,
          1.717360496520996,
          0.0,
          0.0,
          0.023444704711437225,
          0.01788165047764778,
          -1.0000200271606445,
          -1.0,
          0.0,
          0.0,
          -0.02000020071864128,
          0.0
        ],
        "zfar": 998.65380859375,
        "znear": 0.009999999776482582
      },
      "name": "C0020",
      "view_projection": [
        0.0017326842062175274,
        1.6876102685928345,
        0.17534951865673065,
        0.1753460019826889,
        -1.946951985359192,
        -0.061409514397382736,
        0.2051944136619568,
        0.20519030094146729,
        -0.3902300298213959,
        0.31280583143234253,
        -0.9629055857658386,
        -0.9628862738609314,
        4.02886438369751,
        -2.975346803665161,
        4.268439769744873,
        4.28835391998291
      ],
      "width": 4608
    },
    {
      "extrinsics": {
        "position": [
          2.7422211170196533,
          0.7488754987716675,
          4.726908206939697
        ],
        "target": [
          2.1999776363372803,
          1.0858573913574219,
          3.9572227001190186
        ],
        "view_matrix_gl": [
          0.0005938424728810787,
          0.8402212262153625,
          0.5422434210777283,
          0.0,
          -0.9158961176872253,
          0.21812114119529724,
          -0.3369816839694977,
          0.0,
          -0.4014139175415039,
          -0.49643853306770325,
          0.7696848511695862,
          0.0,
          2.5817105770111084,
          -0.12079858779907227,
          -4.872823715209961,
          1.0
        ]
      },
      "height": 5328,
      "id": 39,
      "intrinsics": {
        "K_opencv": [
          4563.658203125,
          0.0,
          2269.01318359375,
          0.0,
          4564.08544921875,
          2645.8271484375,
          0.0,
          0.0,
          1.0
        ],
        "aspect_ratio": 0.8649458289146423,
        "fov_y_deg": 60.54315948486328,
        "optical_center": [
          0.015185249969363213,
          -0.006821640767157078
        ],
        "projection_gl": [
          1.9807543754577637,
          0.0,
          0.0,
          0.0,
          0.0,
          1.7132452726364136,
          0.0,
          0.0,
          0.015185249969363213,
          -0.006821640767157078,
          -1.0000200271606445,
          -1.0,
          0.0,
          0.0,
          -0.02000020071864128,
          0.0
        ],
        "zfar": 998.65380859375,
        "znear": 0.009999999776482582
      },
      "name": "C0039",
      "view_projection": [
        0.009410358034074306,
        1.435806155204773,
        -0.5422542691230774,
        -0.5422434210777283,
        -1.8192824125289917,
        0.3759937882423401,
        0.3369884192943573,
        0.3369816839694977,
        -0.7834144830703735,
        -0.8557714819908142,
        -0.769700288772583,
        -0.7696848511695862,
        5.039739608764648,
        -0.1737169623374939,
        4.852921485900879,
        4.872823715209961
      ],
      "width": 4608
    },
    {
      "extrinsics": {
        "position": [
          2.1394991874694824,
          2.4865922927856445,
          4.747378826141357
        ],
        "target": [
